filename,label
/content/dataset/gesture/click/click_41.jpg,click
/content/dataset/gesture/click/click_44.jpg,click
/content/dataset/gesture/click/click_71_cropped.jpg,click
/content/dataset/gesture/click/click_8.jpg,click
/content/dataset/gesture/click/click_110.jpg,click
/content/dataset/gesture/click/click_11.jpg,click
/content/dataset/gesture/click/click_45.jpg,click
/content/dataset/gesture/click/click_64_cropped.jpg,click
/content/dataset/gesture/click/click_43.jpg,click
/content/dataset/gesture/click/click_57.jpg,click
/content/dataset/gesture/click/click_118.jpg,click
/content/dataset/gesture/click/click_196_cropped.jpg,click
/content/dataset/gesture/click/click_177.jpg,click
/content/dataset/gesture/click/click_113.jpg,click
/content/dataset/gesture/click/click_156_cropped.jpg,click
/content/dataset/gesture/click/click_37.jpg,click
/content/dataset/gesture/click/click_111.jpg,click
/content/dataset/gesture/click/click_68.jpg,click
/content/dataset/gesture/click/click_104.jpg,click
/content/dataset/gesture/click/click_42.jpg,click
/content/dataset/gesture/click/click_121_cropped.jpg,click
/content/dataset/gesture/click/click_129.jpg,click
/content/dataset/gesture/click/click_92.jpg,click
/content/dataset/gesture/click/click_48.jpg,click
/content/dataset/gesture/click/click_150.jpg,click
/content/dataset/gesture/click/click_2_cropped.jpg,click
/content/dataset/gesture/click/click_10.jpg,click
/content/dataset/gesture/click/click_107.jpg,click
/content/dataset/gesture/click/click_49_cropped.jpg,click
/content/dataset/gesture/click/click_4.jpg,click
/content/dataset/gesture/click/click_16_cropped.jpg,click
/content/dataset/gesture/click/click_87.jpg,click
/content/dataset/gesture/click/click_10_cropped.jpg,click
/content/dataset/gesture/click/click_186.jpg,click
/content/dataset/gesture/click/click_195.jpg,click
/content/dataset/gesture/click/click_13_cropped.jpg,click
/content/dataset/gesture/click/click_7_cropped.jpg,click
/content/dataset/gesture/click/click_180_cropped.jpg,click
/content/dataset/gesture/click/click_29.jpg,click
/content/dataset/gesture/click/click_58_cropped.jpg,click
/content/dataset/gesture/click/click_54.jpg,click
/content/dataset/gesture/click/click_162.jpg,click
/content/dataset/gesture/click/click_78.jpg,click
/content/dataset/gesture/click/click_168.jpg,click
/content/dataset/gesture/click/click_3_cropped.jpg,click
/content/dataset/gesture/click/click_133_cropped.jpg,click
/content/dataset/gesture/click/click_133.jpg,click
/content/dataset/gesture/click/click_9.jpg,click
/content/dataset/gesture/click/click_112.jpg,click
/content/dataset/gesture/click/click_52.jpg,click
/content/dataset/gesture/click/click_29_cropped.jpg,click
/content/dataset/gesture/click/click_61.jpg,click
/content/dataset/gesture/click/click_146_cropped.jpg,click
/content/dataset/gesture/click/click_90.jpg,click
/content/dataset/gesture/click/click_32_cropped.jpg,click
/content/dataset/gesture/click/click_93.jpg,click
/content/dataset/gesture/click/click_179.jpg,click
/content/dataset/gesture/click/click_109_cropped.jpg,click
/content/dataset/gesture/click/click_172.jpg,click
/content/dataset/gesture/click/click_191.jpg,click
/content/dataset/gesture/click/click_197_cropped.jpg,click
/content/dataset/gesture/click/click_195_cropped.jpg,click
/content/dataset/gesture/click/click_86.jpg,click
/content/dataset/gesture/click/click_161.jpg,click
/content/dataset/gesture/click/click_114.jpg,click
/content/dataset/gesture/click/click_59_cropped.jpg,click
/content/dataset/gesture/click/click_178.jpg,click
/content/dataset/gesture/click/click_126.jpg,click
/content/dataset/gesture/click/click_162_cropped.jpg,click
/content/dataset/gesture/click/click_161_cropped.jpg,click
/content/dataset/gesture/click/click_188_cropped.jpg,click
/content/dataset/gesture/click/click_118_cropped.jpg,click
/content/dataset/gesture/click/click_21.jpg,click
/content/dataset/gesture/click/click_16.jpg,click
/content/dataset/gesture/click/click_60.jpg,click
/content/dataset/gesture/click/click_14.jpg,click
/content/dataset/gesture/click/click_24.jpg,click
/content/dataset/gesture/click/click_168_cropped.jpg,click
/content/dataset/gesture/click/click_63.jpg,click
/content/dataset/gesture/click/click_84.jpg,click
/content/dataset/gesture/click/click_174.jpg,click
/content/dataset/gesture/click/click_69.jpg,click
/content/dataset/gesture/click/click_75.jpg,click
/content/dataset/gesture/click/click_108.jpg,click
/content/dataset/gesture/click/click_182_cropped.jpg,click
/content/dataset/gesture/click/click_185.jpg,click
/content/dataset/gesture/click/click_31.jpg,click
/content/dataset/gesture/click/click_187.jpg,click
/content/dataset/gesture/click/click_59.jpg,click
/content/dataset/gesture/click/click_77_cropped.jpg,click
/content/dataset/gesture/click/click_80.jpg,click
/content/dataset/gesture/click/click_39_cropped.jpg,click
/content/dataset/gesture/click/click_15.jpg,click
/content/dataset/gesture/click/click_184.jpg,click
/content/dataset/gesture/click/click_181.jpg,click
/content/dataset/gesture/click/click_73_cropped.jpg,click
/content/dataset/gesture/click/click_144.jpg,click
/content/dataset/gesture/click/click_126_cropped.jpg,click
/content/dataset/gesture/click/click_141.jpg,click
/content/dataset/gesture/click/click_22.jpg,click
/content/dataset/gesture/click/click_174_cropped.jpg,click
/content/dataset/gesture/click/click_170_cropped.jpg,click
/content/dataset/gesture/click/click_143.jpg,click
/content/dataset/gesture/click/click_124.jpg,click
/content/dataset/gesture/click/click_140_cropped.jpg,click
/content/dataset/gesture/click/click_194.jpg,click
/content/dataset/gesture/click/click_185_cropped.jpg,click
/content/dataset/gesture/click/click_50.jpg,click
/content/dataset/gesture/click/click_25_cropped.jpg,click
/content/dataset/gesture/click/click_181_cropped.jpg,click
/content/dataset/gesture/click/click_159.jpg,click
/content/dataset/gesture/click/click_51.jpg,click
/content/dataset/gesture/click/click_132.jpg,click
/content/dataset/gesture/click/click_169_cropped.jpg,click
/content/dataset/gesture/click/click_119_cropped.jpg,click
/content/dataset/gesture/click/click_169.jpg,click
/content/dataset/gesture/click/click_5_cropped.jpg,click
/content/dataset/gesture/click/click_11_cropped.jpg,click
/content/dataset/gesture/click/click_96.jpg,click
/content/dataset/gesture/click/click_94.jpg,click
/content/dataset/gesture/click/click_153.jpg,click
/content/dataset/gesture/click/click_116.jpg,click
/content/dataset/gesture/click/click_145.jpg,click
/content/dataset/gesture/click/click_117.jpg,click
/content/dataset/gesture/click/click_194_cropped.jpg,click
/content/dataset/gesture/click/click_193.jpg,click
/content/dataset/gesture/click/click_122.jpg,click
/content/dataset/gesture/click/click_62.jpg,click
/content/dataset/gesture/click/click_125.jpg,click
/content/dataset/gesture/click/click_166.jpg,click
/content/dataset/gesture/click/click_25.jpg,click
/content/dataset/gesture/click/click_19.jpg,click
/content/dataset/gesture/click/click_61_cropped.jpg,click
/content/dataset/gesture/click/click_190_cropped.jpg,click
/content/dataset/gesture/click/click_6_cropped.jpg,click
/content/dataset/gesture/click/click_188.jpg,click
/content/dataset/gesture/click/click_99.jpg,click
/content/dataset/gesture/click/click_170.jpg,click
/content/dataset/gesture/click/click_151.jpg,click
/content/dataset/gesture/click/click_77.jpg,click
/content/dataset/gesture/click/click_155_cropped.jpg,click
/content/dataset/gesture/click/click_139.jpg,click
/content/dataset/gesture/click/click_152_cropped.jpg,click
/content/dataset/gesture/click/click_120_cropped.jpg,click
/content/dataset/gesture/click/click_66.jpg,click
/content/dataset/gesture/click/click_35.jpg,click
/content/dataset/gesture/click/click_191_cropped.jpg,click
/content/dataset/gesture/click/click_24_cropped.jpg,click
/content/dataset/gesture/click/click_183_cropped.jpg,click
/content/dataset/gesture/click/click_127.jpg,click
/content/dataset/gesture/click/click_108_cropped.jpg,click
/content/dataset/gesture/click/click_135_cropped.jpg,click
/content/dataset/gesture/click/click_81.jpg,click
/content/dataset/gesture/click/click_189_cropped.jpg,click
/content/dataset/gesture/click/click_176_cropped.jpg,click
/content/dataset/gesture/click/click_37_cropped.jpg,click
/content/dataset/gesture/click/click_136_cropped.jpg,click
/content/dataset/gesture/click/click_33.jpg,click
/content/dataset/gesture/click/click_18.jpg,click
/content/dataset/gesture/click/click_72_cropped.jpg,click
/content/dataset/gesture/click/click_88.jpg,click
/content/dataset/gesture/click/click_178_cropped.jpg,click
/content/dataset/gesture/click/click_180.jpg,click
/content/dataset/gesture/click/click_66_cropped.jpg,click
/content/dataset/gesture/click/click_115.jpg,click
/content/dataset/gesture/click/click_102.jpg,click
/content/dataset/gesture/click/click_47.jpg,click
/content/dataset/gesture/click/click_6.jpg,click
/content/dataset/gesture/click/click_34.jpg,click
/content/dataset/gesture/click/click_23.jpg,click
/content/dataset/gesture/click/click_17.jpg,click
/content/dataset/gesture/click/click_135.jpg,click
/content/dataset/gesture/click/click_163_cropped.jpg,click
/content/dataset/gesture/click/click_40.jpg,click
/content/dataset/gesture/click/click_171.jpg,click
/content/dataset/gesture/click/click_63_cropped.jpg,click
/content/dataset/gesture/click/click_17_cropped.jpg,click
/content/dataset/gesture/click/click_12_cropped.jpg,click
/content/dataset/gesture/click/click_154_cropped.jpg,click
/content/dataset/gesture/click/click_144_cropped.jpg,click
/content/dataset/gesture/click/click_164_cropped.jpg,click
/content/dataset/gesture/click/click_147_cropped.jpg,click
/content/dataset/gesture/click/click_85.jpg,click
/content/dataset/gesture/click/click_76_cropped.jpg,click
/content/dataset/gesture/click/click_140.jpg,click
/content/dataset/gesture/click/click_149.jpg,click
/content/dataset/gesture/click/click_165_cropped.jpg,click
/content/dataset/gesture/click/click_65_cropped.jpg,click
/content/dataset/gesture/click/click_67.jpg,click
/content/dataset/gesture/click/click_83.jpg,click
/content/dataset/gesture/click/click_197.jpg,click
/content/dataset/gesture/click/click_146.jpg,click
/content/dataset/gesture/click/click_149_cropped.jpg,click
/content/dataset/gesture/click/click_56.jpg,click
/content/dataset/gesture/click/click_60_cropped.jpg,click
/content/dataset/gesture/click/click_75_cropped.jpg,click
/content/dataset/gesture/click/click_131_cropped.jpg,click
/content/dataset/gesture/click/click_122_cropped.jpg,click
/content/dataset/gesture/click/click_39.jpg,click
/content/dataset/gesture/click/click_103.jpg,click
/content/dataset/gesture/click/click_147.jpg,click
/content/dataset/gesture/click/click_131.jpg,click
/content/dataset/gesture/click/click_123.jpg,click
/content/dataset/gesture/click/click_156.jpg,click
/content/dataset/gesture/click/click_125_cropped.jpg,click
/content/dataset/gesture/click/click_121.jpg,click
/content/dataset/gesture/click/click_65.jpg,click
/content/dataset/gesture/click/click_175_cropped.jpg,click
/content/dataset/gesture/click/click_98_cropped.jpg,click
/content/dataset/gesture/click/click_76.jpg,click
/content/dataset/gesture/click/click_136.jpg,click
/content/dataset/gesture/click/click_124_cropped.jpg,click
/content/dataset/gesture/click/click_158.jpg,click
/content/dataset/gesture/click/click_49.jpg,click
/content/dataset/gesture/click/click_13.jpg,click
/content/dataset/gesture/click/click_70_cropped.jpg,click
/content/dataset/gesture/click/click_73.jpg,click
/content/dataset/gesture/click/click_175.jpg,click
/content/dataset/gesture/click/click_30_cropped.jpg,click
/content/dataset/gesture/click/click_48_cropped.jpg,click
/content/dataset/gesture/click/click_71.jpg,click
/content/dataset/gesture/click/click_155.jpg,click
/content/dataset/gesture/click/click_142_cropped.jpg,click
/content/dataset/gesture/click/click_106.jpg,click
/content/dataset/gesture/click/click_148.jpg,click
/content/dataset/gesture/click/click_27.jpg,click
/content/dataset/gesture/click/click_28.jpg,click
/content/dataset/gesture/click/click_150_cropped.jpg,click
/content/dataset/gesture/click/click_183.jpg,click
/content/dataset/gesture/click/click_157_cropped.jpg,click
/content/dataset/gesture/click/click_109.jpg,click
/content/dataset/gesture/click/click_72.jpg,click
/content/dataset/gesture/click/click_130.jpg,click
/content/dataset/gesture/click/click_152.jpg,click
/content/dataset/gesture/click/click_182.jpg,click
/content/dataset/gesture/click/click_164.jpg,click
/content/dataset/gesture/click/click_192_cropped.jpg,click
/content/dataset/gesture/click/click_151_cropped.jpg,click
/content/dataset/gesture/click/click_38_cropped.jpg,click
/content/dataset/gesture/click/click_12.jpg,click
/content/dataset/gesture/click/click_70.jpg,click
/content/dataset/gesture/click/click_157.jpg,click
/content/dataset/gesture/click/click_7.jpg,click
/content/dataset/gesture/click/click_179_cropped.jpg,click
/content/dataset/gesture/click/click_1_cropped.jpg,click
/content/dataset/gesture/click/click_8_cropped.jpg,click
/content/dataset/gesture/click/click_159_cropped.jpg,click
/content/dataset/gesture/click/click_130_cropped.jpg,click
/content/dataset/gesture/click/click_55.jpg,click
/content/dataset/gesture/click/click_26.jpg,click
/content/dataset/gesture/click/click_36.jpg,click
/content/dataset/gesture/click/click_153_cropped.jpg,click
/content/dataset/gesture/click/click_142.jpg,click
/content/dataset/gesture/click/click_190.jpg,click
/content/dataset/gesture/click/click_15_cropped.jpg,click
/content/dataset/gesture/click/click_74.jpg,click
/content/dataset/gesture/click/click_20.jpg,click
/content/dataset/gesture/click/click_4_cropped.jpg,click
/content/dataset/gesture/click/click_67_cropped.jpg,click
/content/dataset/gesture/click/click_143_cropped.jpg,click
/content/dataset/gesture/click/click_82.jpg,click
/content/dataset/gesture/click/click_177_cropped.jpg,click
/content/dataset/gesture/click/click_137.jpg,click
/content/dataset/gesture/click/click_120.jpg,click
/content/dataset/gesture/click/click_128.jpg,click
/content/dataset/gesture/click/click_132_cropped.jpg,click
/content/dataset/gesture/click/click_199.jpg,click
/content/dataset/gesture/click/click_200_cropped.jpg,click
/content/dataset/gesture/click/click_192.jpg,click
/content/dataset/gesture/click/click_176.jpg,click
/content/dataset/gesture/click/click_193_cropped.jpg,click
/content/dataset/gesture/click/click_119.jpg,click
/content/dataset/gesture/click/click_64.jpg,click
/content/dataset/gesture/click/click_97.jpg,click
/content/dataset/gesture/click/click_5.jpg,click
/content/dataset/gesture/click/click_200.jpg,click
/content/dataset/gesture/click/click_9_cropped.jpg,click
/content/dataset/gesture/click/click_91.jpg,click
/content/dataset/gesture/click/click_28_cropped.jpg,click
/content/dataset/gesture/click/click_138.jpg,click
/content/dataset/gesture/click/click_33_cropped.jpg,click
/content/dataset/gesture/click/click_189.jpg,click
/content/dataset/gesture/click/click_173.jpg,click
/content/dataset/gesture/click/click_2.jpg,click
/content/dataset/gesture/click/click_58.jpg,click
/content/dataset/gesture/click/click_3.jpg,click
/content/dataset/gesture/click/click_30.jpg,click
/content/dataset/gesture/click/click_196.jpg,click
/content/dataset/gesture/click/click_38.jpg,click
/content/dataset/gesture/click/click_95.jpg,click
/content/dataset/gesture/click/click_148_cropped.jpg,click
/content/dataset/gesture/click/click_18_cropped.jpg,click
/content/dataset/gesture/click/click_184_cropped.jpg,click
/content/dataset/gesture/click/click_19_cropped.jpg,click
/content/dataset/gesture/click/click_100.jpg,click
/content/dataset/gesture/click/click_79.jpg,click
/content/dataset/gesture/click/click_163.jpg,click
/content/dataset/gesture/click/click_27_cropped.jpg,click
/content/dataset/gesture/click/click_186_cropped.jpg,click
/content/dataset/gesture/click/click_62_cropped.jpg,click
/content/dataset/gesture/click/click_167.jpg,click
/content/dataset/gesture/click/click_53.jpg,click
/content/dataset/gesture/click/click_134_cropped.jpg,click
/content/dataset/gesture/click/click_89_cropped.jpg,click
/content/dataset/gesture/click/click_160.jpg,click
/content/dataset/gesture/click/click_154.jpg,click
/content/dataset/gesture/click/click_32.jpg,click
/content/dataset/gesture/click/click_123_cropped.jpg,click
/content/dataset/gesture/click/click_98.jpg,click
/content/dataset/gesture/click/click_1.jpg,click
/content/dataset/gesture/click/click_127_cropped.jpg,click
/content/dataset/gesture/click/click_137_cropped.jpg,click
/content/dataset/gesture/click/click_14_cropped.jpg,click
/content/dataset/gesture/click/click_134.jpg,click
/content/dataset/gesture/click/click_187_cropped.jpg,click
/content/dataset/gesture/click/click_160_cropped.jpg,click
/content/dataset/gesture/click/click_26_cropped.jpg,click
/content/dataset/gesture/click/click_88_cropped.jpg,click
/content/dataset/gesture/click/click_101.jpg,click
/content/dataset/gesture/click/click_198.jpg,click
/content/dataset/gesture/click/click_171_cropped.jpg,click
/content/dataset/gesture/click/click_74_cropped.jpg,click
/content/dataset/gesture/click/click_141_cropped.jpg,click
/content/dataset/gesture/click/click_23_cropped.jpg,click
/content/dataset/gesture/click/click_145_cropped.jpg,click
/content/dataset/gesture/click/click_89.jpg,click
/content/dataset/gesture/click/click_31_cropped.jpg,click
/content/dataset/gesture/click/click_46.jpg,click
/content/dataset/gesture/click/click_99_cropped.jpg,click
/content/dataset/gesture/click/click_165.jpg,click
/content/dataset/gesture/click/click_105.jpg,click
/content/dataset/gesture/down/down_70.jpg,down
/content/dataset/gesture/down/down_52.jpg,down
/content/dataset/gesture/down/down_117.jpg,down
/content/dataset/gesture/down/down_16.jpg,down
/content/dataset/gesture/down/down_121.jpg,down
/content/dataset/gesture/down/down_95.jpg,down
/content/dataset/gesture/down/down_23.jpg,down
/content/dataset/gesture/down/down_93.jpg,down
/content/dataset/gesture/down/down_148.jpg,down
/content/dataset/gesture/down/down_103.jpg,down
/content/dataset/gesture/down/down_100.jpg,down
/content/dataset/gesture/down/down_186.jpg,down
/content/dataset/gesture/down/down_40.jpg,down
/content/dataset/gesture/down/down_12.jpg,down
/content/dataset/gesture/down/down_90.jpg,down
/content/dataset/gesture/down/down_144.jpg,down
/content/dataset/gesture/down/down_145.jpg,down
/content/dataset/gesture/down/down_183.jpg,down
/content/dataset/gesture/down/down_138.jpg,down
/content/dataset/gesture/down/down_67.jpg,down
/content/dataset/gesture/down/down_189.jpg,down
/content/dataset/gesture/down/down_54.jpg,down
/content/dataset/gesture/down/down_190.jpg,down
/content/dataset/gesture/down/down_137.jpg,down
/content/dataset/gesture/down/down_194.jpg,down
/content/dataset/gesture/down/down_14.jpg,down
/content/dataset/gesture/down/down_32.jpg,down
/content/dataset/gesture/down/down_156.jpg,down
/content/dataset/gesture/down/down_85.jpg,down
/content/dataset/gesture/down/down_27.jpg,down
/content/dataset/gesture/down/down_56.jpg,down
/content/dataset/gesture/down/down_79.jpg,down
/content/dataset/gesture/down/down_168.jpg,down
/content/dataset/gesture/down/down_178.jpg,down
/content/dataset/gesture/down/down_107.jpg,down
/content/dataset/gesture/down/down_153.jpg,down
/content/dataset/gesture/down/down_97.jpg,down
/content/dataset/gesture/down/down_5.jpg,down
/content/dataset/gesture/down/down_38.jpg,down
/content/dataset/gesture/down/down_44.jpg,down
/content/dataset/gesture/down/down_64.jpg,down
/content/dataset/gesture/down/down_37.jpg,down
/content/dataset/gesture/down/down_73.jpg,down
/content/dataset/gesture/down/down_72.jpg,down
/content/dataset/gesture/down/down_200.jpg,down
/content/dataset/gesture/down/down_146.jpg,down
/content/dataset/gesture/down/down_115.jpg,down
/content/dataset/gesture/down/down_188.jpg,down
/content/dataset/gesture/down/down_92.jpg,down
/content/dataset/gesture/down/down_141.jpg,down
/content/dataset/gesture/down/down_179.jpg,down
/content/dataset/gesture/down/down_130.jpg,down
/content/dataset/gesture/down/down_157.jpg,down
/content/dataset/gesture/down/down_10.jpg,down
/content/dataset/gesture/down/down_175.jpg,down
/content/dataset/gesture/down/down_86.jpg,down
/content/dataset/gesture/down/down_182.jpg,down
/content/dataset/gesture/down/down_128.jpg,down
/content/dataset/gesture/down/down_162.jpg,down
/content/dataset/gesture/down/down_61.jpg,down
/content/dataset/gesture/down/down_63.jpg,down
/content/dataset/gesture/down/down_133.jpg,down
/content/dataset/gesture/down/down_160.jpg,down
/content/dataset/gesture/down/down_34.jpg,down
/content/dataset/gesture/down/down_71.jpg,down
/content/dataset/gesture/down/down_3.jpg,down
/content/dataset/gesture/down/down_177.jpg,down
/content/dataset/gesture/down/down_55.jpg,down
/content/dataset/gesture/down/down_116.jpg,down
/content/dataset/gesture/down/down_30.jpg,down
/content/dataset/gesture/down/down_152.jpg,down
/content/dataset/gesture/down/down_49.jpg,down
/content/dataset/gesture/down/down_42.jpg,down
/content/dataset/gesture/down/down_53.jpg,down
/content/dataset/gesture/down/down_150.jpg,down
/content/dataset/gesture/down/down_199.jpg,down
/content/dataset/gesture/down/down_139.jpg,down
/content/dataset/gesture/down/down_58.jpg,down
/content/dataset/gesture/down/down_147.jpg,down
/content/dataset/gesture/down/down_149.jpg,down
/content/dataset/gesture/down/down_187.jpg,down
/content/dataset/gesture/down/down_84.jpg,down
/content/dataset/gesture/down/down_142.jpg,down
/content/dataset/gesture/down/down_28.jpg,down
/content/dataset/gesture/down/down_48.jpg,down
/content/dataset/gesture/down/down_57.jpg,down
/content/dataset/gesture/down/down_196.jpg,down
/content/dataset/gesture/down/down_167.jpg,down
/content/dataset/gesture/down/down_66.jpg,down
/content/dataset/gesture/down/down_108.jpg,down
/content/dataset/gesture/down/down_165.jpg,down
/content/dataset/gesture/down/down_8.jpg,down
/content/dataset/gesture/down/down_132.jpg,down
/content/dataset/gesture/down/down_43.jpg,down
/content/dataset/gesture/down/down_20.jpg,down
/content/dataset/gesture/down/down_172.jpg,down
/content/dataset/gesture/down/down_26.jpg,down
/content/dataset/gesture/down/down_51.jpg,down
/content/dataset/gesture/down/down_195.jpg,down
/content/dataset/gesture/down/down_77.jpg,down
/content/dataset/gesture/down/down_159.jpg,down
/content/dataset/gesture/down/down_140.jpg,down
/content/dataset/gesture/down/down_45.jpg,down
/content/dataset/gesture/down/down_83.jpg,down
/content/dataset/gesture/down/down_19.jpg,down
/content/dataset/gesture/down/down_69.jpg,down
/content/dataset/gesture/down/down_11.jpg,down
/content/dataset/gesture/down/down_33.jpg,down
/content/dataset/gesture/down/down_111.jpg,down
/content/dataset/gesture/down/down_7.jpg,down
/content/dataset/gesture/down/down_114.jpg,down
/content/dataset/gesture/down/down_80.jpg,down
/content/dataset/gesture/down/down_184.jpg,down
/content/dataset/gesture/down/down_29.jpg,down
/content/dataset/gesture/down/down_171.jpg,down
/content/dataset/gesture/down/down_104.jpg,down
/content/dataset/gesture/down/down_89.jpg,down
/content/dataset/gesture/down/down_101.jpg,down
/content/dataset/gesture/down/down_9.jpg,down
/content/dataset/gesture/down/down_102.jpg,down
/content/dataset/gesture/down/down_174.jpg,down
/content/dataset/gesture/down/down_88.jpg,down
/content/dataset/gesture/down/down_119.jpg,down
/content/dataset/gesture/down/down_24.jpg,down
/content/dataset/gesture/down/down_126.jpg,down
/content/dataset/gesture/down/down_21.jpg,down
/content/dataset/gesture/down/down_143.jpg,down
/content/dataset/gesture/down/down_154.jpg,down
/content/dataset/gesture/down/down_36.jpg,down
/content/dataset/gesture/down/down_47.jpg,down
/content/dataset/gesture/down/down_91.jpg,down
/content/dataset/gesture/down/down_13.jpg,down
/content/dataset/gesture/down/down_192.jpg,down
/content/dataset/gesture/down/down_17.jpg,down
/content/dataset/gesture/down/down_105.jpg,down
/content/dataset/gesture/down/down_164.jpg,down
/content/dataset/gesture/down/down_110.jpg,down
/content/dataset/gesture/down/down_65.jpg,down
/content/dataset/gesture/down/down_112.jpg,down
/content/dataset/gesture/down/down_82.jpg,down
/content/dataset/gesture/down/down_31.jpg,down
/content/dataset/gesture/down/down_68.jpg,down
/content/dataset/gesture/down/down_163.jpg,down
/content/dataset/gesture/down/down_180.jpg,down
/content/dataset/gesture/down/down_161.jpg,down
/content/dataset/gesture/down/down_181.jpg,down
/content/dataset/gesture/down/down_1.jpg,down
/content/dataset/gesture/down/down_81.jpg,down
/content/dataset/gesture/down/down_18.jpg,down
/content/dataset/gesture/down/down_129.jpg,down
/content/dataset/gesture/down/down_198.jpg,down
/content/dataset/gesture/down/down_98.jpg,down
/content/dataset/gesture/down/down_155.jpg,down
/content/dataset/gesture/down/down_191.jpg,down
/content/dataset/gesture/down/down_50.jpg,down
/content/dataset/gesture/down/down_166.jpg,down
/content/dataset/gesture/down/down_131.jpg,down
/content/dataset/gesture/down/down_60.jpg,down
/content/dataset/gesture/down/down_106.jpg,down
/content/dataset/gesture/down/down_2.jpg,down
/content/dataset/gesture/down/down_134.jpg,down
/content/dataset/gesture/down/down_185.jpg,down
/content/dataset/gesture/down/down_87.jpg,down
/content/dataset/gesture/down/down_76.jpg,down
/content/dataset/gesture/down/down_41.jpg,down
/content/dataset/gesture/down/down_123.jpg,down
/content/dataset/gesture/down/down_193.jpg,down
/content/dataset/gesture/down/down_35.jpg,down
/content/dataset/gesture/down/down_39.jpg,down
/content/dataset/gesture/down/down_136.jpg,down
/content/dataset/gesture/down/down_94.jpg,down
/content/dataset/gesture/down/down_113.jpg,down
/content/dataset/gesture/down/down_62.jpg,down
/content/dataset/gesture/down/down_127.jpg,down
/content/dataset/gesture/down/down_170.jpg,down
/content/dataset/gesture/down/down_96.jpg,down
/content/dataset/gesture/down/down_59.jpg,down
/content/dataset/gesture/down/down_169.jpg,down
/content/dataset/gesture/down/down_99.jpg,down
/content/dataset/gesture/down/down_6.jpg,down
/content/dataset/gesture/down/down_46.jpg,down
/content/dataset/gesture/down/down_75.jpg,down
/content/dataset/gesture/down/down_118.jpg,down
/content/dataset/gesture/down/down_125.jpg,down
/content/dataset/gesture/down/down_176.jpg,down
/content/dataset/gesture/down/down_135.jpg,down
/content/dataset/gesture/down/down_15.jpg,down
/content/dataset/gesture/down/down_109.jpg,down
/content/dataset/gesture/down/down_4.jpg,down
/content/dataset/gesture/down/down_120.jpg,down
/content/dataset/gesture/down/down_158.jpg,down
/content/dataset/gesture/down/down_22.jpg,down
/content/dataset/gesture/down/down_74.jpg,down
/content/dataset/gesture/down/down_173.jpg,down
/content/dataset/gesture/down/down_151.jpg,down
/content/dataset/gesture/down/down_78.jpg,down
/content/dataset/gesture/down/down_122.jpg,down
/content/dataset/gesture/down/down_124.jpg,down
/content/dataset/gesture/down/down_25.jpg,down
/content/dataset/gesture/down/down_197.jpg,down
/content/dataset/gesture/fist/fist_39.jpg,fist
/content/dataset/gesture/fist/fist_98.jpg,fist
/content/dataset/gesture/fist/fist_161.jpg,fist
/content/dataset/gesture/fist/fist_70.jpg,fist
/content/dataset/gesture/fist/fist_90.jpg,fist
/content/dataset/gesture/fist/fist_64.jpg,fist
/content/dataset/gesture/fist/fist_119.jpg,fist
/content/dataset/gesture/fist/fist_184.jpg,fist
/content/dataset/gesture/fist/fist_157.jpg,fist
/content/dataset/gesture/fist/fist_111.jpg,fist
/content/dataset/gesture/fist/fist_174.jpg,fist
/content/dataset/gesture/fist/fist_17.jpg,fist
/content/dataset/gesture/fist/fist_150.jpg,fist
/content/dataset/gesture/fist/fist_30.jpg,fist
/content/dataset/gesture/fist/fist_11.jpg,fist
/content/dataset/gesture/fist/fist_12.jpg,fist
/content/dataset/gesture/fist/fist_81.jpg,fist
/content/dataset/gesture/fist/fist_13.jpg,fist
/content/dataset/gesture/fist/fist_122.jpg,fist
/content/dataset/gesture/fist/fist_92.jpg,fist
/content/dataset/gesture/fist/fist_65.jpg,fist
/content/dataset/gesture/fist/fist_60.jpg,fist
/content/dataset/gesture/fist/fist_171.jpg,fist
/content/dataset/gesture/fist/fist_63.jpg,fist
/content/dataset/gesture/fist/fist_9.jpg,fist
/content/dataset/gesture/fist/fist_180.jpg,fist
/content/dataset/gesture/fist/fist_110.jpg,fist
/content/dataset/gesture/fist/fist_47.jpg,fist
/content/dataset/gesture/fist/fist_160.jpg,fist
/content/dataset/gesture/fist/fist_58.jpg,fist
/content/dataset/gesture/fist/fist_187.jpg,fist
/content/dataset/gesture/fist/fist_199.jpg,fist
/content/dataset/gesture/fist/fist_34.jpg,fist
/content/dataset/gesture/fist/fist_163.jpg,fist
/content/dataset/gesture/fist/fist_100.jpg,fist
/content/dataset/gesture/fist/fist_179.jpg,fist
/content/dataset/gesture/fist/fist_186.jpg,fist
/content/dataset/gesture/fist/fist_188.jpg,fist
/content/dataset/gesture/fist/fist_35.jpg,fist
/content/dataset/gesture/fist/fist_73.jpg,fist
/content/dataset/gesture/fist/fist_31.jpg,fist
/content/dataset/gesture/fist/fist_78.jpg,fist
/content/dataset/gesture/fist/fist_125.jpg,fist
/content/dataset/gesture/fist/fist_158.jpg,fist
/content/dataset/gesture/fist/fist_57.jpg,fist
/content/dataset/gesture/fist/fist_189.jpg,fist
/content/dataset/gesture/fist/fist_59.jpg,fist
/content/dataset/gesture/fist/fist_169.jpg,fist
/content/dataset/gesture/fist/fist_156.jpg,fist
/content/dataset/gesture/fist/fist_102.jpg,fist
/content/dataset/gesture/fist/fist_182.jpg,fist
/content/dataset/gesture/fist/fist_33.jpg,fist
/content/dataset/gesture/fist/fist_75.jpg,fist
/content/dataset/gesture/fist/fist_183.jpg,fist
/content/dataset/gesture/fist/fist_137.jpg,fist
/content/dataset/gesture/fist/fist_108.jpg,fist
/content/dataset/gesture/fist/fist_82.jpg,fist
/content/dataset/gesture/fist/fist_173.jpg,fist
/content/dataset/gesture/fist/fist_154.jpg,fist
/content/dataset/gesture/fist/fist_167.jpg,fist
/content/dataset/gesture/fist/fist_18.jpg,fist
/content/dataset/gesture/fist/fist_170.jpg,fist
/content/dataset/gesture/fist/fist_20.jpg,fist
/content/dataset/gesture/fist/fist_142.jpg,fist
/content/dataset/gesture/fist/fist_95.jpg,fist
/content/dataset/gesture/fist/fist_159.jpg,fist
/content/dataset/gesture/fist/fist_53.jpg,fist
/content/dataset/gesture/fist/fist_136.jpg,fist
/content/dataset/gesture/fist/fist_139.jpg,fist
/content/dataset/gesture/fist/fist_51.jpg,fist
/content/dataset/gesture/fist/fist_126.jpg,fist
/content/dataset/gesture/fist/fist_89.jpg,fist
/content/dataset/gesture/fist/fist_50.jpg,fist
/content/dataset/gesture/fist/fist_77.jpg,fist
/content/dataset/gesture/fist/fist_113.jpg,fist
/content/dataset/gesture/fist/fist_68.jpg,fist
/content/dataset/gesture/fist/fist_61.jpg,fist
/content/dataset/gesture/fist/fist_190.jpg,fist
/content/dataset/gesture/fist/fist_112.jpg,fist
/content/dataset/gesture/fist/fist_165.jpg,fist
/content/dataset/gesture/fist/fist_25.jpg,fist
/content/dataset/gesture/fist/fist_7.jpg,fist
/content/dataset/gesture/fist/fist_41.jpg,fist
/content/dataset/gesture/fist/fist_88.jpg,fist
/content/dataset/gesture/fist/fist_80.jpg,fist
/content/dataset/gesture/fist/fist_97.jpg,fist
/content/dataset/gesture/fist/fist_10.jpg,fist
/content/dataset/gesture/fist/fist_198.jpg,fist
/content/dataset/gesture/fist/fist_43.jpg,fist
/content/dataset/gesture/fist/fist_106.jpg,fist
/content/dataset/gesture/fist/fist_37.jpg,fist
/content/dataset/gesture/fist/fist_40.jpg,fist
/content/dataset/gesture/fist/fist_145.jpg,fist
/content/dataset/gesture/fist/fist_144.jpg,fist
/content/dataset/gesture/fist/fist_153.jpg,fist
/content/dataset/gesture/fist/fist_151.jpg,fist
/content/dataset/gesture/fist/fist_114.jpg,fist
/content/dataset/gesture/fist/fist_133.jpg,fist
/content/dataset/gesture/fist/fist_135.jpg,fist
/content/dataset/gesture/fist/fist_181.jpg,fist
/content/dataset/gesture/fist/fist_109.jpg,fist
/content/dataset/gesture/fist/fist_3.jpg,fist
/content/dataset/gesture/fist/fist_67.jpg,fist
/content/dataset/gesture/fist/fist_177.jpg,fist
/content/dataset/gesture/fist/fist_120.jpg,fist
/content/dataset/gesture/fist/fist_138.jpg,fist
/content/dataset/gesture/fist/fist_147.jpg,fist
/content/dataset/gesture/fist/fist_107.jpg,fist
/content/dataset/gesture/fist/fist_86.jpg,fist
/content/dataset/gesture/fist/fist_91.jpg,fist
/content/dataset/gesture/fist/fist_101.jpg,fist
/content/dataset/gesture/fist/fist_175.jpg,fist
/content/dataset/gesture/fist/fist_166.jpg,fist
/content/dataset/gesture/fist/fist_128.jpg,fist
/content/dataset/gesture/fist/fist_155.jpg,fist
/content/dataset/gesture/fist/fist_117.jpg,fist
/content/dataset/gesture/fist/fist_143.jpg,fist
/content/dataset/gesture/fist/fist_132.jpg,fist
/content/dataset/gesture/fist/fist_93.jpg,fist
/content/dataset/gesture/fist/fist_19.jpg,fist
/content/dataset/gesture/fist/fist_83.jpg,fist
/content/dataset/gesture/fist/fist_130.jpg,fist
/content/dataset/gesture/fist/fist_123.jpg,fist
/content/dataset/gesture/fist/fist_104.jpg,fist
/content/dataset/gesture/fist/fist_149.jpg,fist
/content/dataset/gesture/fist/fist_152.jpg,fist
/content/dataset/gesture/fist/fist_146.jpg,fist
/content/dataset/gesture/fist/fist_164.jpg,fist
/content/dataset/gesture/fist/fist_85.jpg,fist
/content/dataset/gesture/fist/fist_52.jpg,fist
/content/dataset/gesture/fist/fist_42.jpg,fist
/content/dataset/gesture/fist/fist_79.jpg,fist
/content/dataset/gesture/fist/fist_195.jpg,fist
/content/dataset/gesture/fist/fist_1.jpg,fist
/content/dataset/gesture/fist/fist_194.jpg,fist
/content/dataset/gesture/fist/fist_141.jpg,fist
/content/dataset/gesture/fist/fist_148.jpg,fist
/content/dataset/gesture/fist/fist_116.jpg,fist
/content/dataset/gesture/fist/fist_22.jpg,fist
/content/dataset/gesture/fist/fist_6.jpg,fist
/content/dataset/gesture/fist/fist_24.jpg,fist
/content/dataset/gesture/fist/fist_32.jpg,fist
/content/dataset/gesture/fist/fist_48.jpg,fist
/content/dataset/gesture/fist/fist_69.jpg,fist
/content/dataset/gesture/fist/fist_8.jpg,fist
/content/dataset/gesture/fist/fist_46.jpg,fist
/content/dataset/gesture/fist/fist_162.jpg,fist
/content/dataset/gesture/fist/fist_44.jpg,fist
/content/dataset/gesture/fist/fist_14.jpg,fist
/content/dataset/gesture/fist/fist_191.jpg,fist
/content/dataset/gesture/fist/fist_118.jpg,fist
/content/dataset/gesture/fist/fist_87.jpg,fist
/content/dataset/gesture/fist/fist_23.jpg,fist
/content/dataset/gesture/fist/fist_74.jpg,fist
/content/dataset/gesture/fist/fist_5.jpg,fist
/content/dataset/gesture/fist/fist_26.jpg,fist
/content/dataset/gesture/fist/fist_105.jpg,fist
/content/dataset/gesture/fist/fist_84.jpg,fist
/content/dataset/gesture/fist/fist_172.jpg,fist
/content/dataset/gesture/fist/fist_131.jpg,fist
/content/dataset/gesture/fist/fist_27.jpg,fist
/content/dataset/gesture/fist/fist_45.jpg,fist
/content/dataset/gesture/fist/fist_127.jpg,fist
/content/dataset/gesture/fist/fist_196.jpg,fist
/content/dataset/gesture/fist/fist_16.jpg,fist
/content/dataset/gesture/fist/fist_72.jpg,fist
/content/dataset/gesture/fist/fist_76.jpg,fist
/content/dataset/gesture/fist/fist_36.jpg,fist
/content/dataset/gesture/fist/fist_21.jpg,fist
/content/dataset/gesture/fist/fist_66.jpg,fist
/content/dataset/gesture/fist/fist_178.jpg,fist
/content/dataset/gesture/fist/fist_124.jpg,fist
/content/dataset/gesture/fist/fist_200.jpg,fist
/content/dataset/gesture/fist/fist_94.jpg,fist
/content/dataset/gesture/fist/fist_193.jpg,fist
/content/dataset/gesture/fist/fist_29.jpg,fist
/content/dataset/gesture/fist/fist_121.jpg,fist
/content/dataset/gesture/fist/fist_176.jpg,fist
/content/dataset/gesture/fist/fist_140.jpg,fist
/content/dataset/gesture/fist/fist_54.jpg,fist
/content/dataset/gesture/fist/fist_192.jpg,fist
/content/dataset/gesture/fist/fist_103.jpg,fist
/content/dataset/gesture/fist/fist_197.jpg,fist
/content/dataset/gesture/fist/fist_134.jpg,fist
/content/dataset/gesture/fist/fist_4.jpg,fist
/content/dataset/gesture/fist/fist_71.jpg,fist
/content/dataset/gesture/fist/fist_62.jpg,fist
/content/dataset/gesture/fist/fist_99.jpg,fist
/content/dataset/gesture/fist/fist_185.jpg,fist
/content/dataset/gesture/fist/fist_28.jpg,fist
/content/dataset/gesture/fist/fist_49.jpg,fist
/content/dataset/gesture/fist/fist_2.jpg,fist
/content/dataset/gesture/fist/fist_38.jpg,fist
/content/dataset/gesture/fist/fist_56.jpg,fist
/content/dataset/gesture/fist/fist_129.jpg,fist
/content/dataset/gesture/fist/fist_96.jpg,fist
/content/dataset/gesture/fist/fist_115.jpg,fist
/content/dataset/gesture/fist/fist_15.jpg,fist
/content/dataset/gesture/fist/fist_168.jpg,fist
/content/dataset/gesture/fist/fist_55.jpg,fist
/content/dataset/gesture/left/left_87_cropped.jpg,left
/content/dataset/gesture/left/left_122_cropped.jpg,left
/content/dataset/gesture/left/left_102.jpg,left
/content/dataset/gesture/left/left_31.jpg,left
/content/dataset/gesture/left/left_5.jpg,left
/content/dataset/gesture/left/left_101_cropped.jpg,left
/content/dataset/gesture/left/left_38_cropped.jpg,left
/content/dataset/gesture/left/left_121.jpg,left
/content/dataset/gesture/left/left_29.jpg,left
/content/dataset/gesture/left/left_108_cropped.jpg,left
/content/dataset/gesture/left/left_167.jpg,left
/content/dataset/gesture/left/left_74.jpg,left
/content/dataset/gesture/left/left_23.jpg,left
/content/dataset/gesture/left/left_53_cropped.jpg,left
/content/dataset/gesture/left/left_132.jpg,left
/content/dataset/gesture/left/left_182_cropped.jpg,left
/content/dataset/gesture/left/left_10.jpg,left
/content/dataset/gesture/left/left_35.jpg,left
/content/dataset/gesture/left/left_57_cropped.jpg,left
/content/dataset/gesture/left/left_73.jpg,left
/content/dataset/gesture/left/left_180.jpg,left
/content/dataset/gesture/left/left_22_cropped.jpg,left
/content/dataset/gesture/left/left_68.jpg,left
/content/dataset/gesture/left/left_189_cropped.jpg,left
/content/dataset/gesture/left/left_90_cropped.jpg,left
/content/dataset/gesture/left/left_93_cropped.jpg,left
/content/dataset/gesture/left/left_185.jpg,left
/content/dataset/gesture/left/left_2_cropped.jpg,left
/content/dataset/gesture/left/left_81_cropped.jpg,left
/content/dataset/gesture/left/left_139_cropped.jpg,left
/content/dataset/gesture/left/left_129_cropped.jpg,left
/content/dataset/gesture/left/left_67.jpg,left
/content/dataset/gesture/left/left_42.jpg,left
/content/dataset/gesture/left/left_120_cropped.jpg,left
/content/dataset/gesture/left/left_47_cropped.jpg,left
/content/dataset/gesture/left/left_58.jpg,left
/content/dataset/gesture/left/left_172_cropped.jpg,left
/content/dataset/gesture/left/left_48_cropped.jpg,left
/content/dataset/gesture/left/left_110.jpg,left
/content/dataset/gesture/left/left_1_cropped.jpg,left
/content/dataset/gesture/left/left_159_cropped.jpg,left
/content/dataset/gesture/left/left_165_cropped.jpg,left
/content/dataset/gesture/left/left_92.jpg,left
/content/dataset/gesture/left/left_8_cropped.jpg,left
/content/dataset/gesture/left/left_28.jpg,left
/content/dataset/gesture/left/left_5_cropped.jpg,left
/content/dataset/gesture/left/left_146.jpg,left
/content/dataset/gesture/left/left_176.jpg,left
/content/dataset/gesture/left/left_179_cropped.jpg,left
/content/dataset/gesture/left/left_59_cropped.jpg,left
/content/dataset/gesture/left/left_45_cropped.jpg,left
/content/dataset/gesture/left/left_72_cropped.jpg,left
/content/dataset/gesture/left/left_142_cropped.jpg,left
/content/dataset/gesture/left/left_186.jpg,left
/content/dataset/gesture/left/left_34_cropped.jpg,left
/content/dataset/gesture/left/left_169.jpg,left
/content/dataset/gesture/left/left_33.jpg,left
/content/dataset/gesture/left/left_129.jpg,left
/content/dataset/gesture/left/left_85_cropped.jpg,left
/content/dataset/gesture/left/left_131_cropped.jpg,left
/content/dataset/gesture/left/left_55.jpg,left
/content/dataset/gesture/left/left_175.jpg,left
/content/dataset/gesture/left/left_26_cropped.jpg,left
/content/dataset/gesture/left/left_183.jpg,left
/content/dataset/gesture/left/left_71_cropped.jpg,left
/content/dataset/gesture/left/left_45.jpg,left
/content/dataset/gesture/left/left_47.jpg,left
/content/dataset/gesture/left/left_144_cropped.jpg,left
/content/dataset/gesture/left/left_178.jpg,left
/content/dataset/gesture/left/left_40_cropped.jpg,left
/content/dataset/gesture/left/left_23_cropped.jpg,left
/content/dataset/gesture/left/left_196_cropped.jpg,left
/content/dataset/gesture/left/left_54_cropped.jpg,left
/content/dataset/gesture/left/left_194_cropped.jpg,left
/content/dataset/gesture/left/left_195.jpg,left
/content/dataset/gesture/left/left_63_cropped.jpg,left
/content/dataset/gesture/left/left_60_cropped.jpg,left
/content/dataset/gesture/left/left_96.jpg,left
/content/dataset/gesture/left/left_160.jpg,left
/content/dataset/gesture/left/left_39_cropped.jpg,left
/content/dataset/gesture/left/left_103_cropped.jpg,left
/content/dataset/gesture/left/left_105_cropped.jpg,left
/content/dataset/gesture/left/left_98_cropped.jpg,left
/content/dataset/gesture/left/left_124.jpg,left
/content/dataset/gesture/left/left_39.jpg,left
/content/dataset/gesture/left/left_187.jpg,left
/content/dataset/gesture/left/left_122.jpg,left
/content/dataset/gesture/left/left_189.jpg,left
/content/dataset/gesture/left/left_89.jpg,left
/content/dataset/gesture/left/left_196.jpg,left
/content/dataset/gesture/left/left_183_cropped.jpg,left
/content/dataset/gesture/left/left_149_cropped.jpg,left
/content/dataset/gesture/left/left_106_cropped.jpg,left
/content/dataset/gesture/left/left_171_cropped.jpg,left
/content/dataset/gesture/left/left_113.jpg,left
/content/dataset/gesture/left/left_143_cropped.jpg,left
/content/dataset/gesture/left/left_36_cropped.jpg,left
/content/dataset/gesture/left/left_190_cropped.jpg,left
/content/dataset/gesture/left/left_115.jpg,left
/content/dataset/gesture/left/left_109.jpg,left
/content/dataset/gesture/left/left_118_cropped.jpg,left
/content/dataset/gesture/left/left_13.jpg,left
/content/dataset/gesture/left/left_144.jpg,left
/content/dataset/gesture/left/left_88.jpg,left
/content/dataset/gesture/left/left_137.jpg,left
/content/dataset/gesture/left/left_90.jpg,left
/content/dataset/gesture/left/left_168.jpg,left
/content/dataset/gesture/left/left_82.jpg,left
/content/dataset/gesture/left/left_166.jpg,left
/content/dataset/gesture/left/left_155_cropped.jpg,left
/content/dataset/gesture/left/left_112_cropped.jpg,left
/content/dataset/gesture/left/left_20.jpg,left
/content/dataset/gesture/left/left_111.jpg,left
/content/dataset/gesture/left/left_84_cropped.jpg,left
/content/dataset/gesture/left/left_114_cropped.jpg,left
/content/dataset/gesture/left/left_25_cropped.jpg,left
/content/dataset/gesture/left/left_75_cropped.jpg,left
/content/dataset/gesture/left/left_46.jpg,left
/content/dataset/gesture/left/left_181.jpg,left
/content/dataset/gesture/left/left_50_cropped.jpg,left
/content/dataset/gesture/left/left_103.jpg,left
/content/dataset/gesture/left/left_35_cropped.jpg,left
/content/dataset/gesture/left/left_64_cropped.jpg,left
/content/dataset/gesture/left/left_179.jpg,left
/content/dataset/gesture/left/left_34.jpg,left
/content/dataset/gesture/left/left_120.jpg,left
/content/dataset/gesture/left/left_154.jpg,left
/content/dataset/gesture/left/left_57.jpg,left
/content/dataset/gesture/left/left_145.jpg,left
/content/dataset/gesture/left/left_146_cropped.jpg,left
/content/dataset/gesture/left/left_49.jpg,left
/content/dataset/gesture/left/left_163.jpg,left
/content/dataset/gesture/left/left_41.jpg,left
/content/dataset/gesture/left/left_55_cropped.jpg,left
/content/dataset/gesture/left/left_164_cropped.jpg,left
/content/dataset/gesture/left/left_60.jpg,left
/content/dataset/gesture/left/left_154_cropped.jpg,left
/content/dataset/gesture/left/left_156_cropped.jpg,left
/content/dataset/gesture/left/left_145_cropped.jpg,left
/content/dataset/gesture/left/left_8.jpg,left
/content/dataset/gesture/left/left_17_cropped.jpg,left
/content/dataset/gesture/left/left_161.jpg,left
/content/dataset/gesture/left/left_19_cropped.jpg,left
/content/dataset/gesture/left/left_65_cropped.jpg,left
/content/dataset/gesture/left/left_161_cropped.jpg,left
/content/dataset/gesture/left/left_116_cropped.jpg,left
/content/dataset/gesture/left/left_72.jpg,left
/content/dataset/gesture/left/left_119.jpg,left
/content/dataset/gesture/left/left_158_cropped.jpg,left
/content/dataset/gesture/left/left_69_cropped.jpg,left
/content/dataset/gesture/left/left_85.jpg,left
/content/dataset/gesture/left/left_200.jpg,left
/content/dataset/gesture/left/left_50.jpg,left
/content/dataset/gesture/left/left_117_cropped.jpg,left
/content/dataset/gesture/left/left_195_cropped.jpg,left
/content/dataset/gesture/left/left_56_cropped.jpg,left
/content/dataset/gesture/left/left_188.jpg,left
/content/dataset/gesture/left/left_186_cropped.jpg,left
/content/dataset/gesture/left/left_188_cropped.jpg,left
/content/dataset/gesture/left/left_104_cropped.jpg,left
/content/dataset/gesture/left/left_180_cropped.jpg,left
/content/dataset/gesture/left/left_9_cropped.jpg,left
/content/dataset/gesture/left/left_76.jpg,left
/content/dataset/gesture/left/left_185_cropped.jpg,left
/content/dataset/gesture/left/left_167_cropped.jpg,left
/content/dataset/gesture/left/left_10_cropped.jpg,left
/content/dataset/gesture/left/left_128_cropped.jpg,left
/content/dataset/gesture/left/left_76_cropped.jpg,left
/content/dataset/gesture/left/left_83_cropped.jpg,left
/content/dataset/gesture/left/left_104.jpg,left
/content/dataset/gesture/left/left_157_cropped.jpg,left
/content/dataset/gesture/left/left_38.jpg,left
/content/dataset/gesture/left/left_135.jpg,left
/content/dataset/gesture/left/left_155.jpg,left
/content/dataset/gesture/left/left_73_cropped.jpg,left
/content/dataset/gesture/left/left_32_cropped.jpg,left
/content/dataset/gesture/left/left_177_cropped.jpg,left
/content/dataset/gesture/left/left_4_cropped.jpg,left
/content/dataset/gesture/left/left_153_cropped.jpg,left
/content/dataset/gesture/left/left_116.jpg,left
/content/dataset/gesture/left/left_125_cropped.jpg,left
/content/dataset/gesture/left/left_48.jpg,left
/content/dataset/gesture/left/left_6_cropped.jpg,left
/content/dataset/gesture/left/left_99_cropped.jpg,left
/content/dataset/gesture/left/left_6.jpg,left
/content/dataset/gesture/left/left_135_cropped.jpg,left
/content/dataset/gesture/left/left_27.jpg,left
/content/dataset/gesture/left/left_112.jpg,left
/content/dataset/gesture/left/left_140_cropped.jpg,left
/content/dataset/gesture/left/left_75.jpg,left
/content/dataset/gesture/left/left_87.jpg,left
/content/dataset/gesture/left/left_53.jpg,left
/content/dataset/gesture/left/left_128.jpg,left
/content/dataset/gesture/left/left_123_cropped.jpg,left
/content/dataset/gesture/left/left_123.jpg,left
/content/dataset/gesture/left/left_16_cropped.jpg,left
/content/dataset/gesture/left/left_4.jpg,left
/content/dataset/gesture/left/left_37_cropped.jpg,left
/content/dataset/gesture/left/left_15.jpg,left
/content/dataset/gesture/left/left_158.jpg,left
/content/dataset/gesture/left/left_162.jpg,left
/content/dataset/gesture/left/left_52_cropped.jpg,left
/content/dataset/gesture/left/left_71.jpg,left
/content/dataset/gesture/left/left_159.jpg,left
/content/dataset/gesture/left/left_138_cropped.jpg,left
/content/dataset/gesture/left/left_66_cropped.jpg,left
/content/dataset/gesture/left/left_14.jpg,left
/content/dataset/gesture/left/left_37.jpg,left
/content/dataset/gesture/left/left_86.jpg,left
/content/dataset/gesture/left/left_67_cropped.jpg,left
/content/dataset/gesture/left/left_106.jpg,left
/content/dataset/gesture/left/left_66.jpg,left
/content/dataset/gesture/left/left_12_cropped.jpg,left
/content/dataset/gesture/left/left_134.jpg,left
/content/dataset/gesture/left/left_147_cropped.jpg,left
/content/dataset/gesture/left/left_3_cropped.jpg,left
/content/dataset/gesture/left/left_81.jpg,left
/content/dataset/gesture/left/left_142.jpg,left
/content/dataset/gesture/left/left_111_cropped.jpg,left
/content/dataset/gesture/left/left_95_cropped.jpg,left
/content/dataset/gesture/left/left_20_cropped.jpg,left
/content/dataset/gesture/left/left_197_cropped.jpg,left
/content/dataset/gesture/left/left_17.jpg,left
/content/dataset/gesture/left/left_98.jpg,left
/content/dataset/gesture/left/left_24_cropped.jpg,left
/content/dataset/gesture/left/left_173_cropped.jpg,left
/content/dataset/gesture/left/left_166_cropped.jpg,left
/content/dataset/gesture/left/left_32.jpg,left
/content/dataset/gesture/left/left_174_cropped.jpg,left
/content/dataset/gesture/left/left_150.jpg,left
/content/dataset/gesture/left/left_95.jpg,left
/content/dataset/gesture/left/left_174.jpg,left
/content/dataset/gesture/left/left_25.jpg,left
/content/dataset/gesture/left/left_80.jpg,left
/content/dataset/gesture/left/left_7.jpg,left
/content/dataset/gesture/left/left_89_cropped.jpg,left
/content/dataset/gesture/left/left_41_cropped.jpg,left
/content/dataset/gesture/left/left_77_cropped.jpg,left
/content/dataset/gesture/left/left_176_cropped.jpg,left
/content/dataset/gesture/left/left_69.jpg,left
/content/dataset/gesture/left/left_12.jpg,left
/content/dataset/gesture/left/left_100.jpg,left
/content/dataset/gesture/left/left_49_cropped.jpg,left
/content/dataset/gesture/left/left_118.jpg,left
/content/dataset/gesture/left/left_184_cropped.jpg,left
/content/dataset/gesture/left/left_11.jpg,left
/content/dataset/gesture/left/left_199_cropped.jpg,left
/content/dataset/gesture/left/left_194.jpg,left
/content/dataset/gesture/left/left_80_cropped.jpg,left
/content/dataset/gesture/left/left_40.jpg,left
/content/dataset/gesture/left/left_119_cropped.jpg,left
/content/dataset/gesture/left/left_70_cropped.jpg,left
/content/dataset/gesture/left/left_79.jpg,left
/content/dataset/gesture/left/left_70.jpg,left
/content/dataset/gesture/left/left_175_cropped.jpg,left
/content/dataset/gesture/left/left_169_cropped.jpg,left
/content/dataset/gesture/left/left_51.jpg,left
/content/dataset/gesture/left/left_36.jpg,left
/content/dataset/gesture/left/left_97_cropped.jpg,left
/content/dataset/gesture/left/left_136_cropped.jpg,left
/content/dataset/gesture/left/left_107_cropped.jpg,left
/content/dataset/gesture/left/left_172.jpg,left
/content/dataset/gesture/left/left_193_cropped.jpg,left
/content/dataset/gesture/left/left_19.jpg,left
/content/dataset/gesture/left/left_97.jpg,left
/content/dataset/gesture/left/left_94.jpg,left
/content/dataset/gesture/left/left_156.jpg,left
/content/dataset/gesture/left/left_138.jpg,left
/content/dataset/gesture/left/left_21_cropped.jpg,left
/content/dataset/gesture/left/left_11_cropped.jpg,left
/content/dataset/gesture/left/left_143.jpg,left
/content/dataset/gesture/left/left_102_cropped.jpg,left
/content/dataset/gesture/left/left_177.jpg,left
/content/dataset/gesture/left/left_137_cropped.jpg,left
/content/dataset/gesture/left/left_86_cropped.jpg,left
/content/dataset/gesture/left/left_22.jpg,left
/content/dataset/gesture/left/left_148_cropped.jpg,left
/content/dataset/gesture/left/left_192_cropped.jpg,left
/content/dataset/gesture/left/left_58_cropped.jpg,left
/content/dataset/gesture/left/left_1.jpg,left
/content/dataset/gesture/left/left_170_cropped.jpg,left
/content/dataset/gesture/left/left_127_cropped.jpg,left
/content/dataset/gesture/left/left_91.jpg,left
/content/dataset/gesture/left/left_51_cropped.jpg,left
/content/dataset/gesture/left/left_26.jpg,left
/content/dataset/gesture/left/left_178_cropped.jpg,left
/content/dataset/gesture/left/left_94_cropped.jpg,left
/content/dataset/gesture/left/left_130_cropped.jpg,left
/content/dataset/gesture/left/left_2.jpg,left
/content/dataset/gesture/left/left_68_cropped.jpg,left
/content/dataset/gesture/left/left_28_cropped.jpg,left
/content/dataset/gesture/left/left_43.jpg,left
/content/dataset/gesture/left/left_126_cropped.jpg,left
/content/dataset/gesture/left/left_199.jpg,left
/content/dataset/gesture/left/left_140.jpg,left
/content/dataset/gesture/left/left_191_cropped.jpg,left
/content/dataset/gesture/left/left_121_cropped.jpg,left
/content/dataset/gesture/left/left_130.jpg,left
/content/dataset/gesture/left/left_182.jpg,left
/content/dataset/gesture/left/left_79_cropped.jpg,left
/content/dataset/gesture/left/left_13_cropped.jpg,left
/content/dataset/gesture/left/left_78_cropped.jpg,left
/content/dataset/gesture/left/left_42_cropped.jpg,left
/content/dataset/gesture/left/left_133.jpg,left
/content/dataset/gesture/left/left_127.jpg,left
/content/dataset/gesture/left/left_198_cropped.jpg,left
/content/dataset/gesture/left/left_27_cropped.jpg,left
/content/dataset/gesture/left/left_54.jpg,left
/content/dataset/gesture/left/left_18_cropped.jpg,left
/content/dataset/gesture/left/left_200_cropped.jpg,left
/content/dataset/gesture/left/left_124_cropped.jpg,left
/content/dataset/gesture/left/left_163_cropped.jpg,left
/content/dataset/gesture/left/left_84.jpg,left
/content/dataset/gesture/left/left_44.jpg,left
/content/dataset/gesture/left/left_136.jpg,left
/content/dataset/gesture/left/left_181_cropped.jpg,left
/content/dataset/gesture/left/left_114.jpg,left
/content/dataset/gesture/left/left_150_cropped.jpg,left
/content/dataset/gesture/left/left_133_cropped.jpg,left
/content/dataset/gesture/left/left_134_cropped.jpg,left
/content/dataset/gesture/left/left_152_cropped.jpg,left
/content/dataset/gesture/left/left_108.jpg,left
/content/dataset/gesture/left/left_131.jpg,left
/content/dataset/gesture/left/left_52.jpg,left
/content/dataset/gesture/left/left_171.jpg,left
/content/dataset/gesture/left/left_96_cropped.jpg,left
/content/dataset/gesture/left/left_184.jpg,left
/content/dataset/gesture/left/left_62_cropped.jpg,left
/content/dataset/gesture/left/left_31_cropped.jpg,left
/content/dataset/gesture/left/left_198.jpg,left
/content/dataset/gesture/left/left_162_cropped.jpg,left
/content/dataset/gesture/left/left_18.jpg,left
/content/dataset/gesture/left/left_126.jpg,left
/content/dataset/gesture/left/left_65.jpg,left
/content/dataset/gesture/left/left_82_cropped.jpg,left
/content/dataset/gesture/left/left_110_cropped.jpg,left
/content/dataset/gesture/left/left_62.jpg,left
/content/dataset/gesture/left/left_164.jpg,left
/content/dataset/gesture/left/left_170.jpg,left
/content/dataset/gesture/left/left_56.jpg,left
/content/dataset/gesture/left/left_44_cropped.jpg,left
/content/dataset/gesture/left/left_15_cropped.jpg,left
/content/dataset/gesture/left/left_24.jpg,left
/content/dataset/gesture/left/left_61.jpg,left
/content/dataset/gesture/left/left_59.jpg,left
/content/dataset/gesture/left/left_29_cropped.jpg,left
/content/dataset/gesture/left/left_190.jpg,left
/content/dataset/gesture/left/left_99.jpg,left
/content/dataset/gesture/left/left_115_cropped.jpg,left
/content/dataset/gesture/left/left_30.jpg,left
/content/dataset/gesture/left/left_77.jpg,left
/content/dataset/gesture/left/left_88_cropped.jpg,left
/content/dataset/gesture/left/left_21.jpg,left
/content/dataset/gesture/left/left_193.jpg,left
/content/dataset/gesture/left/left_64.jpg,left
/content/dataset/gesture/left/left_187_cropped.jpg,left
/content/dataset/gesture/left/left_125.jpg,left
/content/dataset/gesture/left/left_168_cropped.jpg,left
/content/dataset/gesture/left/left_16.jpg,left
/content/dataset/gesture/left/left_153.jpg,left
/content/dataset/gesture/left/left_132_cropped.jpg,left
/content/dataset/gesture/left/left_100_cropped.jpg,left
/content/dataset/gesture/left/left_101.jpg,left
/content/dataset/gesture/left/left_113_cropped.jpg,left
/content/dataset/gesture/left/left_7_cropped.jpg,left
/content/dataset/gesture/left/left_149.jpg,left
/content/dataset/gesture/left/left_109_cropped.jpg,left
/content/dataset/gesture/left/left_173.jpg,left
/content/dataset/gesture/left/left_117.jpg,left
/content/dataset/gesture/left/left_141_cropped.jpg,left
/content/dataset/gesture/left/left_152.jpg,left
/content/dataset/gesture/left/left_141.jpg,left
/content/dataset/gesture/left/left_33_cropped.jpg,left
/content/dataset/gesture/left/left_105.jpg,left
/content/dataset/gesture/left/left_165.jpg,left
/content/dataset/gesture/left/left_197.jpg,left
/content/dataset/gesture/left/left_151.jpg,left
/content/dataset/gesture/left/left_93.jpg,left
/content/dataset/gesture/left/left_91_cropped.jpg,left
/content/dataset/gesture/left/left_46_cropped.jpg,left
/content/dataset/gesture/left/left_78.jpg,left
/content/dataset/gesture/left/left_63.jpg,left
/content/dataset/gesture/left/left_192.jpg,left
/content/dataset/gesture/left/left_148.jpg,left
/content/dataset/gesture/left/left_74_cropped.jpg,left
/content/dataset/gesture/left/left_43_cropped.jpg,left
/content/dataset/gesture/left/left_30_cropped.jpg,left
/content/dataset/gesture/left/left_3.jpg,left
/content/dataset/gesture/left/left_157.jpg,left
/content/dataset/gesture/left/left_151_cropped.jpg,left
/content/dataset/gesture/left/left_61_cropped.jpg,left
/content/dataset/gesture/left/left_191.jpg,left
/content/dataset/gesture/left/left_14_cropped.jpg,left
/content/dataset/gesture/left/left_9.jpg,left
/content/dataset/gesture/left/left_107.jpg,left
/content/dataset/gesture/left/left_160_cropped.jpg,left
/content/dataset/gesture/left/left_83.jpg,left
/content/dataset/gesture/left/left_92_cropped.jpg,left
/content/dataset/gesture/left/left_139.jpg,left
/content/dataset/gesture/left/left_147.jpg,left
/content/dataset/gesture/open/open_94.jpg,open
/content/dataset/gesture/open/open_25.jpg,open
/content/dataset/gesture/open/open_98.jpg,open
/content/dataset/gesture/open/open_123.jpg,open
/content/dataset/gesture/open/open_118.jpg,open
/content/dataset/gesture/open/open_54.jpg,open
/content/dataset/gesture/open/open_158.jpg,open
/content/dataset/gesture/open/open_164.jpg,open
/content/dataset/gesture/open/open_20.jpg,open
/content/dataset/gesture/open/open_174.jpg,open
/content/dataset/gesture/open/open_151.jpg,open
/content/dataset/gesture/open/open_87.jpg,open
/content/dataset/gesture/open/open_83.jpg,open
/content/dataset/gesture/open/open_143.jpg,open
/content/dataset/gesture/open/open_141.jpg,open
/content/dataset/gesture/open/open_8.jpg,open
/content/dataset/gesture/open/open_107.jpg,open
/content/dataset/gesture/open/open_171.jpg,open
/content/dataset/gesture/open/open_57.jpg,open
/content/dataset/gesture/open/open_31.jpg,open
/content/dataset/gesture/open/open_196.jpg,open
/content/dataset/gesture/open/open_85.jpg,open
/content/dataset/gesture/open/open_69.jpg,open
/content/dataset/gesture/open/open_51.jpg,open
/content/dataset/gesture/open/open_175.jpg,open
/content/dataset/gesture/open/open_130.jpg,open
/content/dataset/gesture/open/open_152.jpg,open
/content/dataset/gesture/open/open_45.jpg,open
/content/dataset/gesture/open/open_49.jpg,open
/content/dataset/gesture/open/open_104.jpg,open
/content/dataset/gesture/open/open_70.jpg,open
/content/dataset/gesture/open/open_111.jpg,open
/content/dataset/gesture/open/open_200.jpg,open
/content/dataset/gesture/open/open_125.jpg,open
/content/dataset/gesture/open/open_168.jpg,open
/content/dataset/gesture/open/open_147.jpg,open
/content/dataset/gesture/open/open_37.jpg,open
/content/dataset/gesture/open/open_199.jpg,open
/content/dataset/gesture/open/open_131.jpg,open
/content/dataset/gesture/open/open_167.jpg,open
/content/dataset/gesture/open/open_173.jpg,open
/content/dataset/gesture/open/open_18.jpg,open
/content/dataset/gesture/open/open_73.jpg,open
/content/dataset/gesture/open/open_193.jpg,open
/content/dataset/gesture/open/open_65.jpg,open
/content/dataset/gesture/open/open_52.jpg,open
/content/dataset/gesture/open/open_35.jpg,open
/content/dataset/gesture/open/open_4.jpg,open
/content/dataset/gesture/open/open_198.jpg,open
/content/dataset/gesture/open/open_46.jpg,open
/content/dataset/gesture/open/open_30.jpg,open
/content/dataset/gesture/open/open_159.jpg,open
/content/dataset/gesture/open/open_10.jpg,open
/content/dataset/gesture/open/open_179.jpg,open
/content/dataset/gesture/open/open_184.jpg,open
/content/dataset/gesture/open/open_128.jpg,open
/content/dataset/gesture/open/open_138.jpg,open
/content/dataset/gesture/open/open_60.jpg,open
/content/dataset/gesture/open/open_113.jpg,open
/content/dataset/gesture/open/open_64.jpg,open
/content/dataset/gesture/open/open_170.jpg,open
/content/dataset/gesture/open/open_135.jpg,open
/content/dataset/gesture/open/open_47.jpg,open
/content/dataset/gesture/open/open_71.jpg,open
/content/dataset/gesture/open/open_26.jpg,open
/content/dataset/gesture/open/open_33.jpg,open
/content/dataset/gesture/open/open_11.jpg,open
/content/dataset/gesture/open/open_66.jpg,open
/content/dataset/gesture/open/open_23.jpg,open
/content/dataset/gesture/open/open_192.jpg,open
/content/dataset/gesture/open/open_117.jpg,open
/content/dataset/gesture/open/open_96.jpg,open
/content/dataset/gesture/open/open_16.jpg,open
/content/dataset/gesture/open/open_81.jpg,open
/content/dataset/gesture/open/open_101.jpg,open
/content/dataset/gesture/open/open_7.jpg,open
/content/dataset/gesture/open/open_48.jpg,open
/content/dataset/gesture/open/open_82.jpg,open
/content/dataset/gesture/open/open_182.jpg,open
/content/dataset/gesture/open/open_194.jpg,open
/content/dataset/gesture/open/open_185.jpg,open
/content/dataset/gesture/open/open_62.jpg,open
/content/dataset/gesture/open/open_172.jpg,open
/content/dataset/gesture/open/open_43.jpg,open
/content/dataset/gesture/open/open_106.jpg,open
/content/dataset/gesture/open/open_68.jpg,open
/content/dataset/gesture/open/open_140.jpg,open
/content/dataset/gesture/open/open_77.jpg,open
/content/dataset/gesture/open/open_149.jpg,open
/content/dataset/gesture/open/open_181.jpg,open
/content/dataset/gesture/open/open_55.jpg,open
/content/dataset/gesture/open/open_112.jpg,open
/content/dataset/gesture/open/open_32.jpg,open
/content/dataset/gesture/open/open_6.jpg,open
/content/dataset/gesture/open/open_1.jpg,open
/content/dataset/gesture/open/open_133.jpg,open
/content/dataset/gesture/open/open_189.jpg,open
/content/dataset/gesture/open/open_120.jpg,open
/content/dataset/gesture/open/open_22.jpg,open
/content/dataset/gesture/open/open_176.jpg,open
/content/dataset/gesture/open/open_29.jpg,open
/content/dataset/gesture/open/open_124.jpg,open
/content/dataset/gesture/open/open_5.jpg,open
/content/dataset/gesture/open/open_90.jpg,open
/content/dataset/gesture/open/open_178.jpg,open
/content/dataset/gesture/open/open_161.jpg,open
/content/dataset/gesture/open/open_58.jpg,open
/content/dataset/gesture/open/open_110.jpg,open
/content/dataset/gesture/open/open_163.jpg,open
/content/dataset/gesture/open/open_195.jpg,open
/content/dataset/gesture/open/open_84.jpg,open
/content/dataset/gesture/open/open_127.jpg,open
/content/dataset/gesture/open/open_142.jpg,open
/content/dataset/gesture/open/open_126.jpg,open
/content/dataset/gesture/open/open_162.jpg,open
/content/dataset/gesture/open/open_92.jpg,open
/content/dataset/gesture/open/open_44.jpg,open
/content/dataset/gesture/open/open_148.jpg,open
/content/dataset/gesture/open/open_139.jpg,open
/content/dataset/gesture/open/open_39.jpg,open
/content/dataset/gesture/open/open_115.jpg,open
/content/dataset/gesture/open/open_145.jpg,open
/content/dataset/gesture/open/open_27.jpg,open
/content/dataset/gesture/open/open_50.jpg,open
/content/dataset/gesture/open/open_153.jpg,open
/content/dataset/gesture/open/open_40.jpg,open
/content/dataset/gesture/open/open_36.jpg,open
/content/dataset/gesture/open/open_160.jpg,open
/content/dataset/gesture/open/open_197.jpg,open
/content/dataset/gesture/open/open_188.jpg,open
/content/dataset/gesture/open/open_75.jpg,open
/content/dataset/gesture/open/open_187.jpg,open
/content/dataset/gesture/open/open_169.jpg,open
/content/dataset/gesture/open/open_2.jpg,open
/content/dataset/gesture/open/open_191.jpg,open
/content/dataset/gesture/open/open_41.jpg,open
/content/dataset/gesture/open/open_157.jpg,open
/content/dataset/gesture/open/open_9.jpg,open
/content/dataset/gesture/open/open_134.jpg,open
/content/dataset/gesture/open/open_144.jpg,open
/content/dataset/gesture/open/open_19.jpg,open
/content/dataset/gesture/open/open_150.jpg,open
/content/dataset/gesture/open/open_97.jpg,open
/content/dataset/gesture/open/open_95.jpg,open
/content/dataset/gesture/open/open_186.jpg,open
/content/dataset/gesture/open/open_121.jpg,open
/content/dataset/gesture/open/open_12.jpg,open
/content/dataset/gesture/open/open_61.jpg,open
/content/dataset/gesture/open/open_102.jpg,open
/content/dataset/gesture/open/open_13.jpg,open
/content/dataset/gesture/open/open_3.jpg,open
/content/dataset/gesture/open/open_165.jpg,open
/content/dataset/gesture/open/open_166.jpg,open
/content/dataset/gesture/open/open_116.jpg,open
/content/dataset/gesture/open/open_156.jpg,open
/content/dataset/gesture/open/open_114.jpg,open
/content/dataset/gesture/open/open_28.jpg,open
/content/dataset/gesture/open/open_183.jpg,open
/content/dataset/gesture/open/open_15.jpg,open
/content/dataset/gesture/open/open_154.jpg,open
/content/dataset/gesture/open/open_53.jpg,open
/content/dataset/gesture/open/open_14.jpg,open
/content/dataset/gesture/open/open_100.jpg,open
/content/dataset/gesture/open/open_155.jpg,open
/content/dataset/gesture/open/open_108.jpg,open
/content/dataset/gesture/open/open_136.jpg,open
/content/dataset/gesture/open/open_38.jpg,open
/content/dataset/gesture/open/open_180.jpg,open
/content/dataset/gesture/open/open_21.jpg,open
/content/dataset/gesture/open/open_89.jpg,open
/content/dataset/gesture/open/open_24.jpg,open
/content/dataset/gesture/open/open_86.jpg,open
/content/dataset/gesture/open/open_59.jpg,open
/content/dataset/gesture/open/open_93.jpg,open
/content/dataset/gesture/open/open_132.jpg,open
/content/dataset/gesture/open/open_72.jpg,open
/content/dataset/gesture/open/open_42.jpg,open
/content/dataset/gesture/open/open_122.jpg,open
/content/dataset/gesture/open/open_34.jpg,open
/content/dataset/gesture/open/open_177.jpg,open
/content/dataset/gesture/open/open_80.jpg,open
/content/dataset/gesture/open/open_88.jpg,open
/content/dataset/gesture/open/open_67.jpg,open
/content/dataset/gesture/open/open_129.jpg,open
/content/dataset/gesture/open/open_137.jpg,open
/content/dataset/gesture/open/open_99.jpg,open
/content/dataset/gesture/open/open_91.jpg,open
/content/dataset/gesture/open/open_74.jpg,open
/content/dataset/gesture/open/open_63.jpg,open
/content/dataset/gesture/open/open_76.jpg,open
/content/dataset/gesture/open/open_109.jpg,open
/content/dataset/gesture/open/open_190.jpg,open
/content/dataset/gesture/open/open_79.jpg,open
/content/dataset/gesture/open/open_78.jpg,open
/content/dataset/gesture/open/open_146.jpg,open
/content/dataset/gesture/open/open_103.jpg,open
/content/dataset/gesture/open/open_105.jpg,open
/content/dataset/gesture/open/open_119.jpg,open
/content/dataset/gesture/open/open_56.jpg,open
/content/dataset/gesture/open/open_17.jpg,open
/content/dataset/gesture/right/right_113.jpg,right
/content/dataset/gesture/right/right_139.jpg,right
/content/dataset/gesture/right/right_44.jpg,right
/content/dataset/gesture/right/right_8_cropped.jpg,right
/content/dataset/gesture/right/right_145.jpg,right
/content/dataset/gesture/right/right_85.jpg,right
/content/dataset/gesture/right/right_116.jpg,right
/content/dataset/gesture/right/right_12.jpg,right
/content/dataset/gesture/right/right_127.jpg,right
/content/dataset/gesture/right/right_9_cropped.jpg,right
/content/dataset/gesture/right/right_18_cropped.jpg,right
/content/dataset/gesture/right/right_57_cropped.jpg,right
/content/dataset/gesture/right/right_184_cropped.jpg,right
/content/dataset/gesture/right/right_166_cropped.jpg,right
/content/dataset/gesture/right/right_159_cropped.jpg,right
/content/dataset/gesture/right/right_129_cropped.jpg,right
/content/dataset/gesture/right/right_102.jpg,right
/content/dataset/gesture/right/right_27_cropped.jpg,right
/content/dataset/gesture/right/right_107_cropped.jpg,right
/content/dataset/gesture/right/right_96.jpg,right
/content/dataset/gesture/right/right_197.jpg,right
/content/dataset/gesture/right/right_59.jpg,right
/content/dataset/gesture/right/right_23_cropped.jpg,right
/content/dataset/gesture/right/right_41_cropped.jpg,right
/content/dataset/gesture/right/right_121.jpg,right
/content/dataset/gesture/right/right_21_cropped.jpg,right
/content/dataset/gesture/right/right_126_cropped.jpg,right
/content/dataset/gesture/right/right_145_cropped.jpg,right
/content/dataset/gesture/right/right_195.jpg,right
/content/dataset/gesture/right/right_171.jpg,right
/content/dataset/gesture/right/right_21.jpg,right
/content/dataset/gesture/right/right_67_cropped.jpg,right
/content/dataset/gesture/right/right_138_cropped.jpg,right
/content/dataset/gesture/right/right_189_cropped.jpg,right
/content/dataset/gesture/right/right_193_cropped.jpg,right
/content/dataset/gesture/right/right_91_cropped.jpg,right
/content/dataset/gesture/right/right_34.jpg,right
/content/dataset/gesture/right/right_41.jpg,right
/content/dataset/gesture/right/right_58.jpg,right
/content/dataset/gesture/right/right_186_cropped.jpg,right
/content/dataset/gesture/right/right_23.jpg,right
/content/dataset/gesture/right/right_187.jpg,right
/content/dataset/gesture/right/right_122_cropped.jpg,right
/content/dataset/gesture/right/right_19_cropped.jpg,right
/content/dataset/gesture/right/right_81.jpg,right
/content/dataset/gesture/right/right_13.jpg,right
/content/dataset/gesture/right/right_75_cropped.jpg,right
/content/dataset/gesture/right/right_29_cropped.jpg,right
/content/dataset/gesture/right/right_186.jpg,right
/content/dataset/gesture/right/right_106.jpg,right
/content/dataset/gesture/right/right_59_cropped.jpg,right
/content/dataset/gesture/right/right_161.jpg,right
/content/dataset/gesture/right/right_146_cropped.jpg,right
/content/dataset/gesture/right/right_64_cropped.jpg,right
/content/dataset/gesture/right/right_63_cropped.jpg,right
/content/dataset/gesture/right/right_142_cropped.jpg,right
/content/dataset/gesture/right/right_185.jpg,right
/content/dataset/gesture/right/right_7.jpg,right
/content/dataset/gesture/right/right_147_cropped.jpg,right
/content/dataset/gesture/right/right_108_cropped.jpg,right
/content/dataset/gesture/right/right_74.jpg,right
/content/dataset/gesture/right/right_100_cropped.jpg,right
/content/dataset/gesture/right/right_3_cropped.jpg,right
/content/dataset/gesture/right/right_188_cropped.jpg,right
/content/dataset/gesture/right/right_176.jpg,right
/content/dataset/gesture/right/right_35.jpg,right
/content/dataset/gesture/right/right_27.jpg,right
/content/dataset/gesture/right/right_30.jpg,right
/content/dataset/gesture/right/right_28.jpg,right
/content/dataset/gesture/right/right_90.jpg,right
/content/dataset/gesture/right/right_90_cropped.jpg,right
/content/dataset/gesture/right/right_180.jpg,right
/content/dataset/gesture/right/right_103.jpg,right
/content/dataset/gesture/right/right_124.jpg,right
/content/dataset/gesture/right/right_87_cropped.jpg,right
/content/dataset/gesture/right/right_47_cropped.png,right
/content/dataset/gesture/right/right_31.jpg,right
/content/dataset/gesture/right/right_81_cropped.jpg,right
/content/dataset/gesture/right/right_139_cropped.jpg,right
/content/dataset/gesture/right/right_94.jpg,right
/content/dataset/gesture/right/right_144.jpg,right
/content/dataset/gesture/right/right_84_cropped.jpg,right
/content/dataset/gesture/right/right_172_cropped.jpg,right
/content/dataset/gesture/right/right_61.jpg,right
/content/dataset/gesture/right/right_192_cropped.jpg,right
/content/dataset/gesture/right/right_172.jpg,right
/content/dataset/gesture/right/right_84.jpg,right
/content/dataset/gesture/right/right_82.jpg,right
/content/dataset/gesture/right/right_150_cropped.jpg,right
/content/dataset/gesture/right/right_164.jpg,right
/content/dataset/gesture/right/right_71_cropped.jpg,right
/content/dataset/gesture/right/right_16_cropped.jpg,right
/content/dataset/gesture/right/right_148_cropped.jpg,right
/content/dataset/gesture/right/right_70_cropped.jpg,right
/content/dataset/gesture/right/right_16.jpg,right
/content/dataset/gesture/right/right_147.jpg,right
/content/dataset/gesture/right/right_76_cropped.jpg,right
/content/dataset/gesture/right/right_32_cropped.jpg,right
/content/dataset/gesture/right/right_193.jpg,right
/content/dataset/gesture/right/right_55_cropped.jpg,right
/content/dataset/gesture/right/right_66_cropped.jpg,right
/content/dataset/gesture/right/right_119.jpg,right
/content/dataset/gesture/right/right_110.jpg,right
/content/dataset/gesture/right/right_156.jpg,right
/content/dataset/gesture/right/right_196_cropped.jpg,right
/content/dataset/gesture/right/right_72_cropped.jpg,right
/content/dataset/gesture/right/right_49.jpg,right
/content/dataset/gesture/right/right_174_cropped.jpg,right
/content/dataset/gesture/right/right_103_cropped.jpg,right
/content/dataset/gesture/right/right_163_cropped.jpg,right
/content/dataset/gesture/right/right_45_cropped.jpg,right
/content/dataset/gesture/right/right_79.jpg,right
/content/dataset/gesture/right/right_5_cropped.jpg,right
/content/dataset/gesture/right/right_131.jpg,right
/content/dataset/gesture/right/right_105.jpg,right
/content/dataset/gesture/right/right_43_cropped.jpg,right
/content/dataset/gesture/right/right_143_cropped.jpg,right
/content/dataset/gesture/right/right_75.jpg,right
/content/dataset/gesture/right/right_62_cropped.jpg,right
/content/dataset/gesture/right/right_85_cropped.jpg,right
/content/dataset/gesture/right/right_194_cropped.jpg,right
/content/dataset/gesture/right/right_168.jpg,right
/content/dataset/gesture/right/right_151_cropped.jpg,right
/content/dataset/gesture/right/right_61_cropped.jpg,right
/content/dataset/gesture/right/right_191.jpg,right
/content/dataset/gesture/right/right_44_cropped.jpg,right
/content/dataset/gesture/right/right_123_cropped.jpg,right
/content/dataset/gesture/right/right_36.jpg,right
/content/dataset/gesture/right/right_122.jpg,right
/content/dataset/gesture/right/right_169_cropped.jpg,right
/content/dataset/gesture/right/right_197_cropped.jpg,right
/content/dataset/gesture/right/right_54.jpg,right
/content/dataset/gesture/right/right_110_cropped.jpg,right
/content/dataset/gesture/right/right_45.jpg,right
/content/dataset/gesture/right/right_14.jpg,right
/content/dataset/gesture/right/right_115.jpg,right
/content/dataset/gesture/right/right_190.jpg,right
/content/dataset/gesture/right/right_162_cropped.jpg,right
/content/dataset/gesture/right/right_58_cropped.jpg,right
/content/dataset/gesture/right/right_51_cropped.jpg,right
/content/dataset/gesture/right/right_82_cropped.jpg,right
/content/dataset/gesture/right/right_105_cropped.jpg,right
/content/dataset/gesture/right/right_69.jpg,right
/content/dataset/gesture/right/right_100.jpg,right
/content/dataset/gesture/right/right_158_cropped.jpg,right
/content/dataset/gesture/right/right_158.jpg,right
/content/dataset/gesture/right/right_79_cropped.jpg,right
/content/dataset/gesture/right/right_125.jpg,right
/content/dataset/gesture/right/right_134.jpg,right
/content/dataset/gesture/right/right_149.jpg,right
/content/dataset/gesture/right/right_190_cropped.jpg,right
/content/dataset/gesture/right/right_25_cropped.jpg,right
/content/dataset/gesture/right/right_120.jpg,right
/content/dataset/gesture/right/right_88_cropped.jpg,right
/content/dataset/gesture/right/right_132.jpg,right
/content/dataset/gesture/right/right_38.jpg,right
/content/dataset/gesture/right/right_38_cropped.jpg,right
/content/dataset/gesture/right/right_184.jpg,right
/content/dataset/gesture/right/right_198_cropped.jpg,right
/content/dataset/gesture/right/right_6.jpg,right
/content/dataset/gesture/right/right_101_cropped.jpg,right
/content/dataset/gesture/right/right_183_cropped.jpg,right
/content/dataset/gesture/right/right_19.jpg,right
/content/dataset/gesture/right/right_118.jpg,right
/content/dataset/gesture/right/right_161_cropped.jpg,right
/content/dataset/gesture/right/right_168_cropped.jpg,right
/content/dataset/gesture/right/right_114_cropped.jpg,right
/content/dataset/gesture/right/right_32.jpg,right
/content/dataset/gesture/right/right_2_cropped.jpg,right
/content/dataset/gesture/right/right_119_cropped.jpg,right
/content/dataset/gesture/right/right_170_cropped.jpg,right
/content/dataset/gesture/right/right_133_cropped.jpg,right
/content/dataset/gesture/right/right_87.jpg,right
/content/dataset/gesture/right/right_71.jpg,right
/content/dataset/gesture/right/right_192.jpg,right
/content/dataset/gesture/right/right_181_cropped.jpg,right
/content/dataset/gesture/right/right_128.jpg,right
/content/dataset/gesture/right/right_121_cropped.jpg,right
/content/dataset/gesture/right/right_155.jpg,right
/content/dataset/gesture/right/right_78.jpg,right
/content/dataset/gesture/right/right_33_cropped.jpg,right
/content/dataset/gesture/right/right_73_cropped.jpg,right
/content/dataset/gesture/right/right_43.jpg,right
/content/dataset/gesture/right/right_195_cropped.jpg,right
/content/dataset/gesture/right/right_69_cropped.jpg,right
/content/dataset/gesture/right/right_17.jpg,right
/content/dataset/gesture/right/right_49_cropped.jpg,right
/content/dataset/gesture/right/right_51.jpg,right
/content/dataset/gesture/right/right_78_cropped.jpg,right
/content/dataset/gesture/right/right_160.jpg,right
/content/dataset/gesture/right/right_194.jpg,right
/content/dataset/gesture/right/right_176_cropped.jpg,right
/content/dataset/gesture/right/right_52_cropped.jpg,right
/content/dataset/gesture/right/right_56.jpg,right
/content/dataset/gesture/right/right_179.jpg,right
/content/dataset/gesture/right/right_153.jpg,right
/content/dataset/gesture/right/right_68_cropped.jpg,right
/content/dataset/gesture/right/right_67.jpg,right
/content/dataset/gesture/right/right_53.jpg,right
/content/dataset/gesture/right/right_83.jpg,right
/content/dataset/gesture/right/right_77.jpg,right
/content/dataset/gesture/right/right_57.jpg,right
/content/dataset/gesture/right/right_181.jpg,right
/content/dataset/gesture/right/right_55.jpg,right
/content/dataset/gesture/right/right_131_cropped.jpg,right
/content/dataset/gesture/right/right_152.jpg,right
/content/dataset/gesture/right/right_111_cropped.jpg,right
/content/dataset/gesture/right/right_136.jpg,right
/content/dataset/gesture/right/right_104.jpg,right
/content/dataset/gesture/right/right_70.jpg,right
/content/dataset/gesture/right/right_12_cropped.jpg,right
/content/dataset/gesture/right/right_64.jpg,right
/content/dataset/gesture/right/right_179_cropped.jpg,right
/content/dataset/gesture/right/right_146.jpg,right
/content/dataset/gesture/right/right_200_cropped.jpg,right
/content/dataset/gesture/right/right_93.jpg,right
/content/dataset/gesture/right/right_47.jpg,right
/content/dataset/gesture/right/right_167.jpg,right
/content/dataset/gesture/right/right_22_cropped.jpg,right
/content/dataset/gesture/right/right_141.jpg,right
/content/dataset/gesture/right/right_151.jpg,right
/content/dataset/gesture/right/right_170.jpg,right
/content/dataset/gesture/right/right_140.jpg,right
/content/dataset/gesture/right/right_156_cropped.jpg,right
/content/dataset/gesture/right/right_101.jpg,right
/content/dataset/gesture/right/right_60.jpg,right
/content/dataset/gesture/right/right_37.jpg,right
/content/dataset/gesture/right/right_24_cropped.jpg,right
/content/dataset/gesture/right/right_89.jpg,right
/content/dataset/gesture/right/right_142.jpg,right
/content/dataset/gesture/right/right_76.jpg,right
/content/dataset/gesture/right/right_4_cropped.jpg,right
/content/dataset/gesture/right/right_4.jpg,right
/content/dataset/gesture/right/right_198.jpg,right
/content/dataset/gesture/right/right_1.jpg,right
/content/dataset/gesture/right/right_52.jpg,right
/content/dataset/gesture/right/right_159.jpg,right
/content/dataset/gesture/right/right_46.jpg,right
/content/dataset/gesture/right/right_117.jpg,right
/content/dataset/gesture/right/right_175_cropped.jpg,right
/content/dataset/gesture/right/right_136_cropped.jpg,right
/content/dataset/gesture/right/right_95.jpg,right
/content/dataset/gesture/right/right_157_cropped.jpg,right
/content/dataset/gesture/right/right_46_cropped.jpg,right
/content/dataset/gesture/right/right_154.jpg,right
/content/dataset/gesture/right/right_65_cropped.jpg,right
/content/dataset/gesture/right/right_6_cropped.jpg,right
/content/dataset/gesture/right/right_114.jpg,right
/content/dataset/gesture/right/right_40.jpg,right
/content/dataset/gesture/right/right_53_cropped.jpg,right
/content/dataset/gesture/right/right_112.jpg,right
/content/dataset/gesture/right/right_189.jpg,right
/content/dataset/gesture/right/right_9.jpg,right
/content/dataset/gesture/right/right_86.jpg,right
/content/dataset/gesture/right/right_15.jpg,right
/content/dataset/gesture/right/right_20_cropped.jpg,right
/content/dataset/gesture/right/right_108.jpg,right
/content/dataset/gesture/right/right_180_cropped.jpg,right
/content/dataset/gesture/right/right_80_cropped.jpg,right
/content/dataset/gesture/right/right_48_cropped.jpg,right
/content/dataset/gesture/right/right_173_cropped.jpg,right
/content/dataset/gesture/right/right_29.jpg,right
/content/dataset/gesture/right/right_137.jpg,right
/content/dataset/gesture/right/right_73.jpg,right
/content/dataset/gesture/right/right_191_cropped.jpg,right
/content/dataset/gesture/right/right_50.jpg,right
/content/dataset/gesture/right/right_155_cropped.jpg,right
/content/dataset/gesture/right/right_48.jpg,right
/content/dataset/gesture/right/right_165.jpg,right
/content/dataset/gesture/right/right_109.jpg,right
/content/dataset/gesture/right/right_115_cropped.jpg,right
/content/dataset/gesture/right/right_107.jpg,right
/content/dataset/gesture/right/right_199.jpg,right
/content/dataset/gesture/right/right_92_cropped.jpg,right
/content/dataset/gesture/right/right_53.png,right
/content/dataset/gesture/right/right_97.jpg,right
/content/dataset/gesture/right/right_182.jpg,right
/content/dataset/gesture/right/right_26_cropped.jpg,right
/content/dataset/gesture/right/right_135.jpg,right
/content/dataset/gesture/right/right_138.jpg,right
/content/dataset/gesture/right/right_113_cropped.jpg,right
/content/dataset/gesture/right/right_97_cropped.jpg,right
/content/dataset/gesture/right/right_174.jpg,right
/content/dataset/gesture/right/right_68.jpg,right
/content/dataset/gesture/right/right_34_cropped.jpg,right
/content/dataset/gesture/right/right_86_cropped.jpg,right
/content/dataset/gesture/right/right_20.jpg,right
/content/dataset/gesture/right/right_94_cropped.jpg,right
/content/dataset/gesture/right/right_132_cropped.jpg,right
/content/dataset/gesture/right/right_42.jpg,right
/content/dataset/gesture/right/right_39.jpg,right
/content/dataset/gesture/right/right_130.jpg,right
/content/dataset/gesture/right/right_130_cropped.jpg,right
/content/dataset/gesture/right/right_40_cropped.jpg,right
/content/dataset/gesture/right/right_88.jpg,right
/content/dataset/gesture/right/right_143.jpg,right
/content/dataset/gesture/right/right_95_cropped.jpg,right
/content/dataset/gesture/right/right_10.jpg,right
/content/dataset/gesture/right/right_42_cropped.jpg,right
/content/dataset/gesture/right/right_89_cropped.jpg,right
/content/dataset/gesture/right/right_127_cropped.jpg,right
/content/dataset/gesture/right/right_56_cropped.jpg,right
/content/dataset/gesture/right/right_144_cropped.jpg,right
/content/dataset/gesture/right/right_112_cropped.jpg,right
/content/dataset/gesture/right/right_118_cropped.jpg,right
/content/dataset/gesture/right/right_47_cropped.jpg,right
/content/dataset/gesture/right/right_39_cropped.jpg,right
/content/dataset/gesture/right/right_104_cropped.jpg,right
/content/dataset/gesture/right/right_13_cropped.jpg,right
/content/dataset/gesture/right/right_31_cropped.jpg,right
/content/dataset/gesture/right/right_166.jpg,right
/content/dataset/gesture/right/right_60_cropped.jpg,right
/content/dataset/gesture/right/right_177.jpg,right
/content/dataset/gesture/right/right_91.jpg,right
/content/dataset/gesture/right/right_150.jpg,right
/content/dataset/gesture/right/right_102_cropped.jpg,right
/content/dataset/gesture/right/right_109_cropped.jpg,right
/content/dataset/gesture/right/right_65.jpg,right
/content/dataset/gesture/right/right_111.jpg,right
/content/dataset/gesture/right/right_66.jpg,right
/content/dataset/gesture/right/right_196.jpg,right
/content/dataset/gesture/right/right_8.jpg,right
/content/dataset/gesture/right/right_178.jpg,right
/content/dataset/gesture/right/right_187_cropped.jpg,right
/content/dataset/gesture/right/right_154_cropped.jpg,right
/content/dataset/gesture/right/right_167_cropped.jpg,right
/content/dataset/gesture/right/right_106_cropped.jpg,right
/content/dataset/gesture/right/right_30_cropped.jpg,right
/content/dataset/gesture/right/right_173.jpg,right
/content/dataset/gesture/right/right_129.jpg,right
/content/dataset/gesture/right/right_175.jpg,right
/content/dataset/gesture/right/right_135_cropped.jpg,right
/content/dataset/gesture/right/right_92.jpg,right
/content/dataset/gesture/right/right_2.jpg,right
/content/dataset/gesture/right/right_25.jpg,right
/content/dataset/gesture/right/right_149_cropped.jpg,right
/content/dataset/gesture/right/right_163.jpg,right
/content/dataset/gesture/right/right_3.jpg,right
/content/dataset/gesture/right/right_188.jpg,right
/content/dataset/gesture/right/right_99_cropped.jpg,right
/content/dataset/gesture/right/right_33.jpg,right
/content/dataset/gesture/right/right_11_cropped.jpg,right
/content/dataset/gesture/right/right_148.jpg,right
/content/dataset/gesture/right/right_126.jpg,right
/content/dataset/gesture/right/right_14_cropped.jpg,right
/content/dataset/gesture/right/right_37_cropped.jpg,right
/content/dataset/gesture/right/right_140_cropped.jpg,right
/content/dataset/gesture/right/right_171_cropped.jpg,right
/content/dataset/gesture/right/right_162.jpg,right
/content/dataset/gesture/right/right_17_cropped.jpg,right
/content/dataset/gesture/right/right_185_cropped.jpg,right
/content/dataset/gesture/right/right_54_cropped.jpg,right
/content/dataset/gesture/right/right_157.jpg,right
/content/dataset/gesture/right/right_200.jpg,right
/content/dataset/gesture/right/right_141_cropped.jpg,right
/content/dataset/gesture/right/right_50_cropped.jpg,right
/content/dataset/gesture/right/right_169.jpg,right
/content/dataset/gesture/right/right_182_cropped.jpg,right
/content/dataset/gesture/right/right_98_cropped.jpg,right
/content/dataset/gesture/right/right_134_cropped.jpg,right
/content/dataset/gesture/right/right_77_cropped.jpg,right
/content/dataset/gesture/right/right_18.jpg,right
/content/dataset/gesture/right/right_7_cropped.jpg,right
/content/dataset/gesture/right/right_22.jpg,right
/content/dataset/gesture/right/right_74_cropped.jpg,right
/content/dataset/gesture/right/right_80.jpg,right
/content/dataset/gesture/right/right_152_cropped.jpg,right
/content/dataset/gesture/right/right_199_cropped.jpg,right
/content/dataset/gesture/right/right_5.jpg,right
/content/dataset/gesture/right/right_133.jpg,right
/content/dataset/gesture/right/right_11.jpg,right
/content/dataset/gesture/right/right_99.jpg,right
/content/dataset/gesture/right/right_15_cropped.jpg,right
/content/dataset/gesture/right/right_183.jpg,right
/content/dataset/gesture/right/right_26.jpg,right
/content/dataset/gesture/right/right_164_cropped.jpg,right
/content/dataset/gesture/right/right_83_cropped.jpg,right
/content/dataset/gesture/right/right_178_cropped.jpg,right
/content/dataset/gesture/right/right_165_cropped.jpg,right
/content/dataset/gesture/right/right_96_cropped.jpg,right
/content/dataset/gesture/right/right_177_cropped.jpg,right
/content/dataset/gesture/right/right_10_cropped.jpg,right
/content/dataset/gesture/right/right_117_cropped.jpg,right
/content/dataset/gesture/right/right_116_cropped.jpg,right
/content/dataset/gesture/right/right_123.jpg,right
/content/dataset/gesture/right/right_62.jpg,right
/content/dataset/gesture/right/right_47.png,right
/content/dataset/gesture/right/right_128_cropped.jpg,right
/content/dataset/gesture/right/right_137_cropped.jpg,right
/content/dataset/gesture/right/right_98.jpg,right
/content/dataset/gesture/right/right_160_cropped.jpg,right
/content/dataset/gesture/right/right_28_cropped.jpg,right
/content/dataset/gesture/right/right_93_cropped.jpg,right
/content/dataset/gesture/right/right_120_cropped.jpg,right
/content/dataset/gesture/right/right_36_cropped.jpg,right
/content/dataset/gesture/right/right_35_cropped.jpg,right
/content/dataset/gesture/right/right_24.jpg,right
/content/dataset/gesture/right/right_72.jpg,right
/content/dataset/gesture/right/right_63.jpg,right
/content/dataset/gesture/thumbs_up/thumbs_up_70.jpg,thumbs_up
/content/dataset/gesture/thumbs_up/thumbs_up_167.jpg,thumbs_up
/content/dataset/gesture/thumbs_up/thumbs_up_80.jpg,thumbs_up
/content/dataset/gesture/thumbs_up/thumbs_up_170.jpg,thumbs_up
/content/dataset/gesture/thumbs_up/thumbs_up_102.jpg,thumbs_up
/content/dataset/gesture/thumbs_up/thumbs_up_94.jpg,thumbs_up
/content/dataset/gesture/thumbs_up/thumbs_up_126.jpg,thumbs_up
/content/dataset/gesture/thumbs_up/thumbs_up_110.jpg,thumbs_up
/content/dataset/gesture/thumbs_up/thumbs_up_113.jpg,thumbs_up
/content/dataset/gesture/thumbs_up/thumbs_up_17.jpg,thumbs_up
/content/dataset/gesture/thumbs_up/thumbs_up_159.jpg,thumbs_up
/content/dataset/gesture/thumbs_up/thumbs_up_6.jpg,thumbs_up
/content/dataset/gesture/thumbs_up/thumbs_up_95.jpg,thumbs_up
/content/dataset/gesture/thumbs_up/thumbs_up_144.jpg,thumbs_up
/content/dataset/gesture/thumbs_up/thumbs_up_56.jpg,thumbs_up
/content/dataset/gesture/thumbs_up/thumbs_up_122.jpg,thumbs_up
/content/dataset/gesture/thumbs_up/thumbs_up_152.jpg,thumbs_up
/content/dataset/gesture/thumbs_up/thumbs_up_141.jpg,thumbs_up
/content/dataset/gesture/thumbs_up/thumbs_up_131.jpg,thumbs_up
/content/dataset/gesture/thumbs_up/thumbs_up_49.jpg,thumbs_up
/content/dataset/gesture/thumbs_up/thumbs_up_195.jpg,thumbs_up
/content/dataset/gesture/thumbs_up/thumbs_up_171.jpg,thumbs_up
/content/dataset/gesture/thumbs_up/thumbs_up_100.jpg,thumbs_up
/content/dataset/gesture/thumbs_up/thumbs_up_63.jpg,thumbs_up
/content/dataset/gesture/thumbs_up/thumbs_up_27.jpg,thumbs_up
/content/dataset/gesture/thumbs_up/thumbs_up_163.jpg,thumbs_up
/content/dataset/gesture/thumbs_up/thumbs_up_161.jpg,thumbs_up
/content/dataset/gesture/thumbs_up/thumbs_up_90.jpg,thumbs_up
/content/dataset/gesture/thumbs_up/thumbs_up_187.jpg,thumbs_up
/content/dataset/gesture/thumbs_up/thumbs_up_69.jpg,thumbs_up
/content/dataset/gesture/thumbs_up/thumbs_up_151.jpg,thumbs_up
/content/dataset/gesture/thumbs_up/thumbs_up_19.jpg,thumbs_up
/content/dataset/gesture/thumbs_up/thumbs_up_196.jpg,thumbs_up
/content/dataset/gesture/thumbs_up/thumbs_up_135.jpg,thumbs_up
/content/dataset/gesture/thumbs_up/thumbs_up_154.jpg,thumbs_up
/content/dataset/gesture/thumbs_up/thumbs_up_32.jpg,thumbs_up
/content/dataset/gesture/thumbs_up/thumbs_up_164.jpg,thumbs_up
/content/dataset/gesture/thumbs_up/thumbs_up_7.jpg,thumbs_up
/content/dataset/gesture/thumbs_up/thumbs_up_137.jpg,thumbs_up
/content/dataset/gesture/thumbs_up/thumbs_up_138.jpg,thumbs_up
/content/dataset/gesture/thumbs_up/thumbs_up_65.jpg,thumbs_up
/content/dataset/gesture/thumbs_up/thumbs_up_46.jpg,thumbs_up
/content/dataset/gesture/thumbs_up/thumbs_up_129.jpg,thumbs_up
/content/dataset/gesture/thumbs_up/thumbs_up_9.jpg,thumbs_up
/content/dataset/gesture/thumbs_up/thumbs_up_66.jpg,thumbs_up
/content/dataset/gesture/thumbs_up/thumbs_up_179.jpg,thumbs_up
/content/dataset/gesture/thumbs_up/thumbs_up_82.jpg,thumbs_up
/content/dataset/gesture/thumbs_up/thumbs_up_31.jpg,thumbs_up
/content/dataset/gesture/thumbs_up/thumbs_up_71.jpg,thumbs_up
/content/dataset/gesture/thumbs_up/thumbs_up_1.jpg,thumbs_up
/content/dataset/gesture/thumbs_up/thumbs_up_147.jpg,thumbs_up
/content/dataset/gesture/thumbs_up/thumbs_up_20.jpg,thumbs_up
/content/dataset/gesture/thumbs_up/thumbs_up_114.jpg,thumbs_up
/content/dataset/gesture/thumbs_up/thumbs_up_42.jpg,thumbs_up
/content/dataset/gesture/thumbs_up/thumbs_up_84.jpg,thumbs_up
/content/dataset/gesture/thumbs_up/thumbs_up_23.jpg,thumbs_up
/content/dataset/gesture/thumbs_up/thumbs_up_190.jpg,thumbs_up
/content/dataset/gesture/thumbs_up/thumbs_up_136.jpg,thumbs_up
/content/dataset/gesture/thumbs_up/thumbs_up_73.jpg,thumbs_up
/content/dataset/gesture/thumbs_up/thumbs_up_14.jpg,thumbs_up
/content/dataset/gesture/thumbs_up/thumbs_up_200.jpg,thumbs_up
/content/dataset/gesture/thumbs_up/thumbs_up_186.jpg,thumbs_up
/content/dataset/gesture/thumbs_up/thumbs_up_150.jpg,thumbs_up
/content/dataset/gesture/thumbs_up/thumbs_up_58.jpg,thumbs_up
/content/dataset/gesture/thumbs_up/thumbs_up_198.jpg,thumbs_up
/content/dataset/gesture/thumbs_up/thumbs_up_87.jpg,thumbs_up
/content/dataset/gesture/thumbs_up/thumbs_up_176.jpg,thumbs_up
/content/dataset/gesture/thumbs_up/thumbs_up_116.jpg,thumbs_up
/content/dataset/gesture/thumbs_up/thumbs_up_64.jpg,thumbs_up
/content/dataset/gesture/thumbs_up/thumbs_up_178.jpg,thumbs_up
/content/dataset/gesture/thumbs_up/thumbs_up_119.jpg,thumbs_up
/content/dataset/gesture/thumbs_up/thumbs_up_62.jpg,thumbs_up
/content/dataset/gesture/thumbs_up/thumbs_up_29.jpg,thumbs_up
/content/dataset/gesture/thumbs_up/thumbs_up_181.jpg,thumbs_up
/content/dataset/gesture/thumbs_up/thumbs_up_194.jpg,thumbs_up
/content/dataset/gesture/thumbs_up/thumbs_up_168.jpg,thumbs_up
/content/dataset/gesture/thumbs_up/thumbs_up_24.jpg,thumbs_up
/content/dataset/gesture/thumbs_up/thumbs_up_117.jpg,thumbs_up
/content/dataset/gesture/thumbs_up/thumbs_up_37.jpg,thumbs_up
/content/dataset/gesture/thumbs_up/thumbs_up_22.jpg,thumbs_up
/content/dataset/gesture/thumbs_up/thumbs_up_166.jpg,thumbs_up
/content/dataset/gesture/thumbs_up/thumbs_up_153.jpg,thumbs_up
/content/dataset/gesture/thumbs_up/thumbs_up_180.jpg,thumbs_up
/content/dataset/gesture/thumbs_up/thumbs_up_92.jpg,thumbs_up
/content/dataset/gesture/thumbs_up/thumbs_up_47.jpg,thumbs_up
/content/dataset/gesture/thumbs_up/thumbs_up_28.jpg,thumbs_up
/content/dataset/gesture/thumbs_up/thumbs_up_134.jpg,thumbs_up
/content/dataset/gesture/thumbs_up/thumbs_up_21.jpg,thumbs_up
/content/dataset/gesture/thumbs_up/thumbs_up_15.jpg,thumbs_up
/content/dataset/gesture/thumbs_up/thumbs_up_108.jpg,thumbs_up
/content/dataset/gesture/thumbs_up/thumbs_up_173.jpg,thumbs_up
/content/dataset/gesture/thumbs_up/thumbs_up_52.jpg,thumbs_up
/content/dataset/gesture/thumbs_up/thumbs_up_81.jpg,thumbs_up
/content/dataset/gesture/thumbs_up/thumbs_up_8.jpg,thumbs_up
/content/dataset/gesture/thumbs_up/thumbs_up_26.jpg,thumbs_up
/content/dataset/gesture/thumbs_up/thumbs_up_38.jpg,thumbs_up
/content/dataset/gesture/thumbs_up/thumbs_up_109.jpg,thumbs_up
/content/dataset/gesture/thumbs_up/thumbs_up_33.jpg,thumbs_up
/content/dataset/gesture/thumbs_up/thumbs_up_5.jpg,thumbs_up
/content/dataset/gesture/thumbs_up/thumbs_up_155.jpg,thumbs_up
/content/dataset/gesture/thumbs_up/thumbs_up_48.jpg,thumbs_up
/content/dataset/gesture/thumbs_up/thumbs_up_133.jpg,thumbs_up
/content/dataset/gesture/thumbs_up/thumbs_up_156.jpg,thumbs_up
/content/dataset/gesture/thumbs_up/thumbs_up_192.jpg,thumbs_up
/content/dataset/gesture/thumbs_up/thumbs_up_88.jpg,thumbs_up
/content/dataset/gesture/thumbs_up/thumbs_up_11.jpg,thumbs_up
/content/dataset/gesture/thumbs_up/thumbs_up_165.jpg,thumbs_up
/content/dataset/gesture/thumbs_up/thumbs_up_184.jpg,thumbs_up
/content/dataset/gesture/thumbs_up/thumbs_up_3.jpg,thumbs_up
/content/dataset/gesture/thumbs_up/thumbs_up_44.jpg,thumbs_up
/content/dataset/gesture/thumbs_up/thumbs_up_143.jpg,thumbs_up
/content/dataset/gesture/thumbs_up/thumbs_up_146.jpg,thumbs_up
/content/dataset/gesture/thumbs_up/thumbs_up_41.jpg,thumbs_up
/content/dataset/gesture/thumbs_up/thumbs_up_25.jpg,thumbs_up
/content/dataset/gesture/thumbs_up/thumbs_up_55.jpg,thumbs_up
/content/dataset/gesture/thumbs_up/thumbs_up_189.jpg,thumbs_up
/content/dataset/gesture/thumbs_up/thumbs_up_68.jpg,thumbs_up
/content/dataset/gesture/thumbs_up/thumbs_up_174.jpg,thumbs_up
/content/dataset/gesture/thumbs_up/thumbs_up_185.jpg,thumbs_up
/content/dataset/gesture/thumbs_up/thumbs_up_128.jpg,thumbs_up
/content/dataset/gesture/thumbs_up/thumbs_up_193.jpg,thumbs_up
/content/dataset/gesture/thumbs_up/thumbs_up_104.jpg,thumbs_up
/content/dataset/gesture/thumbs_up/thumbs_up_99.jpg,thumbs_up
/content/dataset/gesture/thumbs_up/thumbs_up_45.jpg,thumbs_up
/content/dataset/gesture/thumbs_up/thumbs_up_57.jpg,thumbs_up
/content/dataset/gesture/thumbs_up/thumbs_up_106.jpg,thumbs_up
/content/dataset/gesture/thumbs_up/thumbs_up_54.jpg,thumbs_up
/content/dataset/gesture/thumbs_up/thumbs_up_157.jpg,thumbs_up
/content/dataset/gesture/thumbs_up/thumbs_up_123.jpg,thumbs_up
/content/dataset/gesture/thumbs_up/thumbs_up_74.jpg,thumbs_up
/content/dataset/gesture/thumbs_up/thumbs_up_50.jpg,thumbs_up
/content/dataset/gesture/thumbs_up/thumbs_up_191.jpg,thumbs_up
/content/dataset/gesture/thumbs_up/thumbs_up_188.jpg,thumbs_up
/content/dataset/gesture/thumbs_up/thumbs_up_43.jpg,thumbs_up
/content/dataset/gesture/thumbs_up/thumbs_up_145.jpg,thumbs_up
/content/dataset/gesture/thumbs_up/thumbs_up_2.jpg,thumbs_up
/content/dataset/gesture/thumbs_up/thumbs_up_111.jpg,thumbs_up
/content/dataset/gesture/thumbs_up/thumbs_up_61.jpg,thumbs_up
/content/dataset/gesture/thumbs_up/thumbs_up_118.jpg,thumbs_up
/content/dataset/gesture/thumbs_up/thumbs_up_39.jpg,thumbs_up
/content/dataset/gesture/thumbs_up/thumbs_up_72.jpg,thumbs_up
/content/dataset/gesture/thumbs_up/thumbs_up_103.jpg,thumbs_up
/content/dataset/gesture/thumbs_up/thumbs_up_140.jpg,thumbs_up
/content/dataset/gesture/thumbs_up/thumbs_up_160.jpg,thumbs_up
/content/dataset/gesture/thumbs_up/thumbs_up_124.jpg,thumbs_up
/content/dataset/gesture/thumbs_up/thumbs_up_67.jpg,thumbs_up
/content/dataset/gesture/thumbs_up/thumbs_up_59.jpg,thumbs_up
/content/dataset/gesture/thumbs_up/thumbs_up_12.jpg,thumbs_up
/content/dataset/gesture/thumbs_up/thumbs_up_16.jpg,thumbs_up
/content/dataset/gesture/thumbs_up/thumbs_up_40.jpg,thumbs_up
/content/dataset/gesture/thumbs_up/thumbs_up_13.jpg,thumbs_up
/content/dataset/gesture/thumbs_up/thumbs_up_97.jpg,thumbs_up
/content/dataset/gesture/thumbs_up/thumbs_up_78.jpg,thumbs_up
/content/dataset/gesture/thumbs_up/thumbs_up_51.jpg,thumbs_up
/content/dataset/gesture/thumbs_up/thumbs_up_127.jpg,thumbs_up
/content/dataset/gesture/thumbs_up/thumbs_up_34.jpg,thumbs_up
/content/dataset/gesture/thumbs_up/thumbs_up_10.jpg,thumbs_up
/content/dataset/gesture/thumbs_up/thumbs_up_86.jpg,thumbs_up
/content/dataset/gesture/thumbs_up/thumbs_up_96.jpg,thumbs_up
/content/dataset/gesture/thumbs_up/thumbs_up_18.jpg,thumbs_up
/content/dataset/gesture/thumbs_up/thumbs_up_183.jpg,thumbs_up
/content/dataset/gesture/thumbs_up/thumbs_up_89.jpg,thumbs_up
/content/dataset/gesture/thumbs_up/thumbs_up_130.jpg,thumbs_up
/content/dataset/gesture/thumbs_up/thumbs_up_148.jpg,thumbs_up
/content/dataset/gesture/thumbs_up/thumbs_up_115.jpg,thumbs_up
/content/dataset/gesture/thumbs_up/thumbs_up_107.jpg,thumbs_up
/content/dataset/gesture/thumbs_up/thumbs_up_105.jpg,thumbs_up
/content/dataset/gesture/thumbs_up/thumbs_up_60.jpg,thumbs_up
/content/dataset/gesture/thumbs_up/thumbs_up_112.jpg,thumbs_up
/content/dataset/gesture/thumbs_up/thumbs_up_101.jpg,thumbs_up
/content/dataset/gesture/thumbs_up/thumbs_up_83.jpg,thumbs_up
/content/dataset/gesture/thumbs_up/thumbs_up_172.jpg,thumbs_up
/content/dataset/gesture/thumbs_up/thumbs_up_125.jpg,thumbs_up
/content/dataset/gesture/thumbs_up/thumbs_up_158.jpg,thumbs_up
/content/dataset/gesture/thumbs_up/thumbs_up_98.jpg,thumbs_up
/content/dataset/gesture/thumbs_up/thumbs_up_177.jpg,thumbs_up
/content/dataset/gesture/thumbs_up/thumbs_up_4.jpg,thumbs_up
/content/dataset/gesture/thumbs_up/thumbs_up_169.jpg,thumbs_up
/content/dataset/gesture/thumbs_up/thumbs_up_36.jpg,thumbs_up
/content/dataset/gesture/thumbs_up/thumbs_up_199.jpg,thumbs_up
/content/dataset/gesture/thumbs_up/thumbs_up_182.jpg,thumbs_up
/content/dataset/gesture/thumbs_up/thumbs_up_30.jpg,thumbs_up
/content/dataset/gesture/thumbs_up/thumbs_up_162.jpg,thumbs_up
/content/dataset/gesture/thumbs_up/thumbs_up_132.jpg,thumbs_up
/content/dataset/gesture/thumbs_up/thumbs_up_75.jpg,thumbs_up
/content/dataset/gesture/thumbs_up/thumbs_up_76.jpg,thumbs_up
/content/dataset/gesture/thumbs_up/thumbs_up_149.jpg,thumbs_up
/content/dataset/gesture/thumbs_up/thumbs_up_35.jpg,thumbs_up
/content/dataset/gesture/thumbs_up/thumbs_up_79.jpg,thumbs_up
/content/dataset/gesture/thumbs_up/thumbs_up_175.jpg,thumbs_up
/content/dataset/gesture/thumbs_up/thumbs_up_120.jpg,thumbs_up
/content/dataset/gesture/thumbs_up/thumbs_up_139.jpg,thumbs_up
/content/dataset/gesture/thumbs_up/thumbs_up_77.jpg,thumbs_up
/content/dataset/gesture/thumbs_up/thumbs_up_197.jpg,thumbs_up
/content/dataset/gesture/thumbs_up/thumbs_up_85.jpg,thumbs_up
/content/dataset/gesture/thumbs_up/thumbs_up_142.jpg,thumbs_up
/content/dataset/gesture/thumbs_up/thumbs_up_53.jpg,thumbs_up
/content/dataset/gesture/thumbs_up/thumbs_up_93.jpg,thumbs_up
/content/dataset/gesture/thumbs_up/thumbs_up_91.jpg,thumbs_up
/content/dataset/gesture/thumbs_up/thumbs_up_121.jpg,thumbs_up
/content/dataset/gesture/thumbs_down/thumbs_down_57.jpg,thumbs_down
/content/dataset/gesture/thumbs_down/thumbs_down_146.jpg,thumbs_down
/content/dataset/gesture/thumbs_down/thumbs_down_138.jpg,thumbs_down
/content/dataset/gesture/thumbs_down/thumbs_down_105.jpg,thumbs_down
/content/dataset/gesture/thumbs_down/thumbs_down_175.jpg,thumbs_down
/content/dataset/gesture/thumbs_down/thumbs_down_52.jpg,thumbs_down
/content/dataset/gesture/thumbs_down/thumbs_down_198.jpg,thumbs_down
/content/dataset/gesture/thumbs_down/thumbs_down_71.jpg,thumbs_down
/content/dataset/gesture/thumbs_down/thumbs_down_50.jpg,thumbs_down
/content/dataset/gesture/thumbs_down/thumbs_down_45.jpg,thumbs_down
/content/dataset/gesture/thumbs_down/thumbs_down_17.jpg,thumbs_down
/content/dataset/gesture/thumbs_down/thumbs_down_159.jpg,thumbs_down
/content/dataset/gesture/thumbs_down/thumbs_down_89.jpg,thumbs_down
/content/dataset/gesture/thumbs_down/thumbs_down_35.jpg,thumbs_down
/content/dataset/gesture/thumbs_down/thumbs_down_95.jpg,thumbs_down
/content/dataset/gesture/thumbs_down/thumbs_down_197.jpg,thumbs_down
/content/dataset/gesture/thumbs_down/thumbs_down_77.jpg,thumbs_down
/content/dataset/gesture/thumbs_down/thumbs_down_164.jpg,thumbs_down
/content/dataset/gesture/thumbs_down/thumbs_down_149.jpg,thumbs_down
/content/dataset/gesture/thumbs_down/thumbs_down_165.jpg,thumbs_down
/content/dataset/gesture/thumbs_down/thumbs_down_21.jpg,thumbs_down
/content/dataset/gesture/thumbs_down/thumbs_down_69.jpg,thumbs_down
/content/dataset/gesture/thumbs_down/thumbs_down_58.jpg,thumbs_down
/content/dataset/gesture/thumbs_down/thumbs_down_8.jpg,thumbs_down
/content/dataset/gesture/thumbs_down/thumbs_down_181.jpg,thumbs_down
/content/dataset/gesture/thumbs_down/thumbs_down_123.jpg,thumbs_down
/content/dataset/gesture/thumbs_down/thumbs_down_185.jpg,thumbs_down
/content/dataset/gesture/thumbs_down/thumbs_down_2.jpg,thumbs_down
/content/dataset/gesture/thumbs_down/thumbs_down_10.jpg,thumbs_down
/content/dataset/gesture/thumbs_down/thumbs_down_200.jpg,thumbs_down
/content/dataset/gesture/thumbs_down/thumbs_down_81.jpg,thumbs_down
/content/dataset/gesture/thumbs_down/thumbs_down_66.jpg,thumbs_down
/content/dataset/gesture/thumbs_down/thumbs_down_190.jpg,thumbs_down
/content/dataset/gesture/thumbs_down/thumbs_down_60.jpg,thumbs_down
/content/dataset/gesture/thumbs_down/thumbs_down_11.jpg,thumbs_down
/content/dataset/gesture/thumbs_down/thumbs_down_194.jpg,thumbs_down
/content/dataset/gesture/thumbs_down/thumbs_down_187.jpg,thumbs_down
/content/dataset/gesture/thumbs_down/thumbs_down_169.jpg,thumbs_down
/content/dataset/gesture/thumbs_down/thumbs_down_186.jpg,thumbs_down
/content/dataset/gesture/thumbs_down/thumbs_down_37.jpg,thumbs_down
/content/dataset/gesture/thumbs_down/thumbs_down_180.jpg,thumbs_down
/content/dataset/gesture/thumbs_down/thumbs_down_31.jpg,thumbs_down
/content/dataset/gesture/thumbs_down/thumbs_down_144.jpg,thumbs_down
/content/dataset/gesture/thumbs_down/thumbs_down_26.jpg,thumbs_down
/content/dataset/gesture/thumbs_down/thumbs_down_199.jpg,thumbs_down
/content/dataset/gesture/thumbs_down/thumbs_down_193.jpg,thumbs_down
/content/dataset/gesture/thumbs_down/thumbs_down_36.jpg,thumbs_down
/content/dataset/gesture/thumbs_down/thumbs_down_167.jpg,thumbs_down
/content/dataset/gesture/thumbs_down/thumbs_down_20.jpg,thumbs_down
/content/dataset/gesture/thumbs_down/thumbs_down_155.jpg,thumbs_down
/content/dataset/gesture/thumbs_down/thumbs_down_182.jpg,thumbs_down
/content/dataset/gesture/thumbs_down/thumbs_down_162.jpg,thumbs_down
/content/dataset/gesture/thumbs_down/thumbs_down_176.jpg,thumbs_down
/content/dataset/gesture/thumbs_down/thumbs_down_68.jpg,thumbs_down
/content/dataset/gesture/thumbs_down/thumbs_down_79.jpg,thumbs_down
/content/dataset/gesture/thumbs_down/thumbs_down_177.jpg,thumbs_down
/content/dataset/gesture/thumbs_down/thumbs_down_178.jpg,thumbs_down
/content/dataset/gesture/thumbs_down/thumbs_down_33.jpg,thumbs_down
/content/dataset/gesture/thumbs_down/thumbs_down_148.jpg,thumbs_down
/content/dataset/gesture/thumbs_down/thumbs_down_18.jpg,thumbs_down
/content/dataset/gesture/thumbs_down/thumbs_down_22.jpg,thumbs_down
/content/dataset/gesture/thumbs_down/thumbs_down_112.jpg,thumbs_down
/content/dataset/gesture/thumbs_down/thumbs_down_6.jpg,thumbs_down
/content/dataset/gesture/thumbs_down/thumbs_down_14.jpg,thumbs_down
/content/dataset/gesture/thumbs_down/thumbs_down_133.jpg,thumbs_down
/content/dataset/gesture/thumbs_down/thumbs_down_127.jpg,thumbs_down
/content/dataset/gesture/thumbs_down/thumbs_down_51.jpg,thumbs_down
/content/dataset/gesture/thumbs_down/thumbs_down_16.jpg,thumbs_down
/content/dataset/gesture/thumbs_down/thumbs_down_118.jpg,thumbs_down
/content/dataset/gesture/thumbs_down/thumbs_down_125.jpg,thumbs_down
/content/dataset/gesture/thumbs_down/thumbs_down_142.jpg,thumbs_down
/content/dataset/gesture/thumbs_down/thumbs_down_134.jpg,thumbs_down
/content/dataset/gesture/thumbs_down/thumbs_down_55.jpg,thumbs_down
/content/dataset/gesture/thumbs_down/thumbs_down_173.jpg,thumbs_down
/content/dataset/gesture/thumbs_down/thumbs_down_1.jpg,thumbs_down
/content/dataset/gesture/thumbs_down/thumbs_down_28.jpg,thumbs_down
/content/dataset/gesture/thumbs_down/thumbs_down_157.jpg,thumbs_down
/content/dataset/gesture/thumbs_down/thumbs_down_135.jpg,thumbs_down
/content/dataset/gesture/thumbs_down/thumbs_down_43.jpg,thumbs_down
/content/dataset/gesture/thumbs_down/thumbs_down_53.jpg,thumbs_down
/content/dataset/gesture/thumbs_down/thumbs_down_63.jpg,thumbs_down
/content/dataset/gesture/thumbs_down/thumbs_down_132.jpg,thumbs_down
/content/dataset/gesture/thumbs_down/thumbs_down_96.jpg,thumbs_down
/content/dataset/gesture/thumbs_down/thumbs_down_110.jpg,thumbs_down
/content/dataset/gesture/thumbs_down/thumbs_down_126.jpg,thumbs_down
/content/dataset/gesture/thumbs_down/thumbs_down_139.jpg,thumbs_down
/content/dataset/gesture/thumbs_down/thumbs_down_86.jpg,thumbs_down
/content/dataset/gesture/thumbs_down/thumbs_down_168.jpg,thumbs_down
/content/dataset/gesture/thumbs_down/thumbs_down_27.jpg,thumbs_down
/content/dataset/gesture/thumbs_down/thumbs_down_99.jpg,thumbs_down
/content/dataset/gesture/thumbs_down/thumbs_down_128.jpg,thumbs_down
/content/dataset/gesture/thumbs_down/thumbs_down_80.jpg,thumbs_down
/content/dataset/gesture/thumbs_down/thumbs_down_131.jpg,thumbs_down
/content/dataset/gesture/thumbs_down/thumbs_down_82.jpg,thumbs_down
/content/dataset/gesture/thumbs_down/thumbs_down_47.jpg,thumbs_down
/content/dataset/gesture/thumbs_down/thumbs_down_72.jpg,thumbs_down
/content/dataset/gesture/thumbs_down/thumbs_down_115.jpg,thumbs_down
/content/dataset/gesture/thumbs_down/thumbs_down_7.jpg,thumbs_down
/content/dataset/gesture/thumbs_down/thumbs_down_4.jpg,thumbs_down
/content/dataset/gesture/thumbs_down/thumbs_down_29.jpg,thumbs_down
/content/dataset/gesture/thumbs_down/thumbs_down_85.jpg,thumbs_down
/content/dataset/gesture/thumbs_down/thumbs_down_113.jpg,thumbs_down
/content/dataset/gesture/thumbs_down/thumbs_down_129.jpg,thumbs_down
/content/dataset/gesture/thumbs_down/thumbs_down_40.jpg,thumbs_down
/content/dataset/gesture/thumbs_down/thumbs_down_116.jpg,thumbs_down
/content/dataset/gesture/thumbs_down/thumbs_down_75.jpg,thumbs_down
/content/dataset/gesture/thumbs_down/thumbs_down_5.jpg,thumbs_down
/content/dataset/gesture/thumbs_down/thumbs_down_163.jpg,thumbs_down
/content/dataset/gesture/thumbs_down/thumbs_down_13.jpg,thumbs_down
/content/dataset/gesture/thumbs_down/thumbs_down_48.jpg,thumbs_down
/content/dataset/gesture/thumbs_down/thumbs_down_170.jpg,thumbs_down
/content/dataset/gesture/thumbs_down/thumbs_down_124.jpg,thumbs_down
/content/dataset/gesture/thumbs_down/thumbs_down_65.jpg,thumbs_down
/content/dataset/gesture/thumbs_down/thumbs_down_130.jpg,thumbs_down
/content/dataset/gesture/thumbs_down/thumbs_down_15.jpg,thumbs_down
/content/dataset/gesture/thumbs_down/thumbs_down_24.jpg,thumbs_down
/content/dataset/gesture/thumbs_down/thumbs_down_64.jpg,thumbs_down
/content/dataset/gesture/thumbs_down/thumbs_down_32.jpg,thumbs_down
/content/dataset/gesture/thumbs_down/thumbs_down_137.jpg,thumbs_down
/content/dataset/gesture/thumbs_down/thumbs_down_12.jpg,thumbs_down
/content/dataset/gesture/thumbs_down/thumbs_down_195.jpg,thumbs_down
/content/dataset/gesture/thumbs_down/thumbs_down_103.jpg,thumbs_down
/content/dataset/gesture/thumbs_down/thumbs_down_160.jpg,thumbs_down
/content/dataset/gesture/thumbs_down/thumbs_down_83.jpg,thumbs_down
/content/dataset/gesture/thumbs_down/thumbs_down_111.jpg,thumbs_down
/content/dataset/gesture/thumbs_down/thumbs_down_54.jpg,thumbs_down
/content/dataset/gesture/thumbs_down/thumbs_down_9.jpg,thumbs_down
/content/dataset/gesture/thumbs_down/thumbs_down_39.jpg,thumbs_down
/content/dataset/gesture/thumbs_down/thumbs_down_122.jpg,thumbs_down
/content/dataset/gesture/thumbs_down/thumbs_down_104.jpg,thumbs_down
/content/dataset/gesture/thumbs_down/thumbs_down_34.jpg,thumbs_down
/content/dataset/gesture/thumbs_down/thumbs_down_101.jpg,thumbs_down
/content/dataset/gesture/thumbs_down/thumbs_down_107.jpg,thumbs_down
/content/dataset/gesture/thumbs_down/thumbs_down_121.jpg,thumbs_down
/content/dataset/gesture/thumbs_down/thumbs_down_23.jpg,thumbs_down
/content/dataset/gesture/thumbs_down/thumbs_down_49.jpg,thumbs_down
/content/dataset/gesture/thumbs_down/thumbs_down_150.jpg,thumbs_down
/content/dataset/gesture/thumbs_down/thumbs_down_109.jpg,thumbs_down
/content/dataset/gesture/thumbs_down/thumbs_down_183.jpg,thumbs_down
/content/dataset/gesture/thumbs_down/thumbs_down_93.jpg,thumbs_down
/content/dataset/gesture/thumbs_down/thumbs_down_102.jpg,thumbs_down
/content/dataset/gesture/thumbs_down/thumbs_down_90.jpg,thumbs_down
/content/dataset/gesture/thumbs_down/thumbs_down_41.jpg,thumbs_down
/content/dataset/gesture/thumbs_down/thumbs_down_145.jpg,thumbs_down
/content/dataset/gesture/thumbs_down/thumbs_down_114.jpg,thumbs_down
/content/dataset/gesture/thumbs_down/thumbs_down_97.jpg,thumbs_down
/content/dataset/gesture/thumbs_down/thumbs_down_92.jpg,thumbs_down
/content/dataset/gesture/thumbs_down/thumbs_down_42.jpg,thumbs_down
/content/dataset/gesture/thumbs_down/thumbs_down_184.jpg,thumbs_down
/content/dataset/gesture/thumbs_down/thumbs_down_179.jpg,thumbs_down
/content/dataset/gesture/thumbs_down/thumbs_down_192.jpg,thumbs_down
/content/dataset/gesture/thumbs_down/thumbs_down_87.jpg,thumbs_down
/content/dataset/gesture/thumbs_down/thumbs_down_98.jpg,thumbs_down
/content/dataset/gesture/thumbs_down/thumbs_down_151.jpg,thumbs_down
/content/dataset/gesture/thumbs_down/thumbs_down_88.jpg,thumbs_down
/content/dataset/gesture/thumbs_down/thumbs_down_166.jpg,thumbs_down
/content/dataset/gesture/thumbs_down/thumbs_down_94.jpg,thumbs_down
/content/dataset/gesture/thumbs_down/thumbs_down_19.jpg,thumbs_down
/content/dataset/gesture/thumbs_down/thumbs_down_153.jpg,thumbs_down
/content/dataset/gesture/thumbs_down/thumbs_down_3.jpg,thumbs_down
/content/dataset/gesture/thumbs_down/thumbs_down_140.jpg,thumbs_down
/content/dataset/gesture/thumbs_down/thumbs_down_84.jpg,thumbs_down
/content/dataset/gesture/thumbs_down/thumbs_down_161.jpg,thumbs_down
/content/dataset/gesture/thumbs_down/thumbs_down_91.jpg,thumbs_down
/content/dataset/gesture/thumbs_down/thumbs_down_196.jpg,thumbs_down
/content/dataset/gesture/thumbs_down/thumbs_down_152.jpg,thumbs_down
/content/dataset/gesture/thumbs_down/thumbs_down_189.jpg,thumbs_down
/content/dataset/gesture/thumbs_down/thumbs_down_25.jpg,thumbs_down
/content/dataset/gesture/thumbs_down/thumbs_down_143.jpg,thumbs_down
/content/dataset/gesture/thumbs_down/thumbs_down_117.jpg,thumbs_down
/content/dataset/gesture/thumbs_down/thumbs_down_174.jpg,thumbs_down
/content/dataset/gesture/thumbs_down/thumbs_down_147.jpg,thumbs_down
/content/dataset/gesture/thumbs_down/thumbs_down_62.jpg,thumbs_down
/content/dataset/gesture/thumbs_down/thumbs_down_188.jpg,thumbs_down
/content/dataset/gesture/thumbs_down/thumbs_down_119.jpg,thumbs_down
/content/dataset/gesture/thumbs_down/thumbs_down_191.jpg,thumbs_down
/content/dataset/gesture/thumbs_down/thumbs_down_61.jpg,thumbs_down
/content/dataset/gesture/thumbs_down/thumbs_down_154.jpg,thumbs_down
/content/dataset/gesture/thumbs_down/thumbs_down_172.jpg,thumbs_down
/content/dataset/gesture/thumbs_down/thumbs_down_76.jpg,thumbs_down
/content/dataset/gesture/thumbs_down/thumbs_down_78.jpg,thumbs_down
/content/dataset/gesture/thumbs_down/thumbs_down_30.jpg,thumbs_down
/content/dataset/gesture/thumbs_down/thumbs_down_106.jpg,thumbs_down
/content/dataset/gesture/thumbs_down/thumbs_down_141.jpg,thumbs_down
/content/dataset/gesture/thumbs_down/thumbs_down_70.jpg,thumbs_down
/content/dataset/gesture/thumbs_down/thumbs_down_171.jpg,thumbs_down
/content/dataset/gesture/thumbs_down/thumbs_down_100.jpg,thumbs_down
/content/dataset/gesture/thumbs_down/thumbs_down_120.jpg,thumbs_down
/content/dataset/gesture/thumbs_down/thumbs_down_74.jpg,thumbs_down
/content/dataset/gesture/thumbs_down/thumbs_down_136.jpg,thumbs_down
/content/dataset/gesture/thumbs_down/thumbs_down_46.jpg,thumbs_down
/content/dataset/gesture/thumbs_down/thumbs_down_156.jpg,thumbs_down
/content/dataset/gesture/thumbs_down/thumbs_down_108.jpg,thumbs_down
/content/dataset/gesture/thumbs_down/thumbs_down_73.jpg,thumbs_down
/content/dataset/gesture/thumbs_down/thumbs_down_38.jpg,thumbs_down
/content/dataset/gesture/thumbs_down/thumbs_down_67.jpg,thumbs_down
/content/dataset/gesture/thumbs_down/thumbs_down_158.jpg,thumbs_down
/content/dataset/gesture/thumbs_down/thumbs_down_44.jpg,thumbs_down
/content/dataset/gesture/thumbs_down/thumbs_down_56.jpg,thumbs_down
/content/dataset/gesture/thumbs_down/thumbs_down_59.jpg,thumbs_down
/content/dataset/gesture/up/up_126.jpg,up
/content/dataset/gesture/up/up_29.jpg,up
/content/dataset/gesture/up/up_137.jpg,up
/content/dataset/gesture/up/up_159.jpg,up
/content/dataset/gesture/up/up_71.jpg,up
/content/dataset/gesture/up/up_66.jpg,up
/content/dataset/gesture/up/up_104.jpg,up
/content/dataset/gesture/up/up_140.jpg,up
/content/dataset/gesture/up/up_105.jpg,up
/content/dataset/gesture/up/up_25.jpg,up
/content/dataset/gesture/up/up_68.jpg,up
/content/dataset/gesture/up/up_90.jpg,up
/content/dataset/gesture/up/up_112.jpg,up
/content/dataset/gesture/up/up_180.jpg,up
/content/dataset/gesture/up/up_145.jpg,up
/content/dataset/gesture/up/up_190.jpg,up
/content/dataset/gesture/up/up_150.jpg,up
/content/dataset/gesture/up/up_39.jpg,up
/content/dataset/gesture/up/up_148.jpg,up
/content/dataset/gesture/up/up_95.jpg,up
/content/dataset/gesture/up/up_70.jpg,up
/content/dataset/gesture/up/up_20.jpg,up
/content/dataset/gesture/up/up_72.jpg,up
/content/dataset/gesture/up/up_170.jpg,up
/content/dataset/gesture/up/up_11.jpg,up
/content/dataset/gesture/up/up_8.jpg,up
/content/dataset/gesture/up/up_73.jpg,up
/content/dataset/gesture/up/up_142.jpg,up
/content/dataset/gesture/up/.ipynb_checkpoints,up
/content/dataset/gesture/up/up_36.jpg,up
/content/dataset/gesture/up/up_154.jpg,up
/content/dataset/gesture/up/up_135.jpg,up
/content/dataset/gesture/up/up_54.jpg,up
/content/dataset/gesture/up/up_108.jpg,up
/content/dataset/gesture/up/up_31.jpg,up
/content/dataset/gesture/up/up_49.jpg,up
/content/dataset/gesture/up/up_138.jpg,up
/content/dataset/gesture/up/up_185.jpg,up
/content/dataset/gesture/up/up_1.jpg,up
/content/dataset/gesture/up/up_182.jpg,up
/content/dataset/gesture/up/up_109.jpg,up
/content/dataset/gesture/up/up_43.jpg,up
/content/dataset/gesture/up/up_181.jpg,up
/content/dataset/gesture/up/up_94.jpg,up
/content/dataset/gesture/up/up_30.jpg,up
/content/dataset/gesture/up/up_34.jpg,up
/content/dataset/gesture/up/up_165.jpg,up
/content/dataset/gesture/up/up_89.jpg,up
/content/dataset/gesture/up/up_3.jpg,up
/content/dataset/gesture/up/up_164.jpg,up
/content/dataset/gesture/up/up_18.jpg,up
/content/dataset/gesture/up/up_22.jpg,up
/content/dataset/gesture/up/up_88.jpg,up
/content/dataset/gesture/up/up_162.jpg,up
/content/dataset/gesture/up/up_125.jpg,up
/content/dataset/gesture/up/up_198.jpg,up
/content/dataset/gesture/up/up_58.jpg,up
/content/dataset/gesture/up/up_91.jpg,up
/content/dataset/gesture/up/up_92.jpg,up
/content/dataset/gesture/up/up_40.jpg,up
/content/dataset/gesture/up/up_151.jpg,up
/content/dataset/gesture/up/up_139.jpg,up
/content/dataset/gesture/up/up_98.jpg,up
/content/dataset/gesture/up/up_157.jpg,up
/content/dataset/gesture/up/up_78.jpg,up
/content/dataset/gesture/up/up_2.jpg,up
/content/dataset/gesture/up/up_131.jpg,up
/content/dataset/gesture/up/up_102.jpg,up
/content/dataset/gesture/up/up_4.jpg,up
/content/dataset/gesture/up/up_96.jpg,up
/content/dataset/gesture/up/up_59.jpg,up
/content/dataset/gesture/up/up_119.jpg,up
/content/dataset/gesture/up/up_195.jpg,up
/content/dataset/gesture/up/up_64.jpg,up
/content/dataset/gesture/up/up_10.jpg,up
/content/dataset/gesture/up/up_55.jpg,up
/content/dataset/gesture/up/up_42.jpg,up
/content/dataset/gesture/up/up_48.jpg,up
/content/dataset/gesture/up/up_177.jpg,up
/content/dataset/gesture/up/up_175.jpg,up
/content/dataset/gesture/up/up_194.jpg,up
/content/dataset/gesture/up/up_183.jpg,up
/content/dataset/gesture/up/up_19.jpg,up
/content/dataset/gesture/up/up_169.jpg,up
/content/dataset/gesture/up/up_85.jpg,up
/content/dataset/gesture/up/up_189.jpg,up
/content/dataset/gesture/up/up_37.jpg,up
/content/dataset/gesture/up/up_15.jpg,up
/content/dataset/gesture/up/up_158.jpg,up
/content/dataset/gesture/up/up_82.jpg,up
/content/dataset/gesture/up/up_61.jpg,up
/content/dataset/gesture/up/up_172.jpg,up
/content/dataset/gesture/up/up_113.jpg,up
/content/dataset/gesture/up/up_17.jpg,up
/content/dataset/gesture/up/up_173.jpg,up
/content/dataset/gesture/up/up_41.jpg,up
/content/dataset/gesture/up/up_47.jpg,up
/content/dataset/gesture/up/up_136.jpg,up
/content/dataset/gesture/up/up_130.jpg,up
/content/dataset/gesture/up/up_44.jpg,up
/content/dataset/gesture/up/up_86.jpg,up
/content/dataset/gesture/up/up_124.jpg,up
/content/dataset/gesture/up/up_161.jpg,up
/content/dataset/gesture/up/up_156.jpg,up
/content/dataset/gesture/up/up_74.jpg,up
/content/dataset/gesture/up/up_143.jpg,up
/content/dataset/gesture/up/up_110.jpg,up
/content/dataset/gesture/up/up_53.jpg,up
/content/dataset/gesture/up/up_16.jpg,up
/content/dataset/gesture/up/up_196.jpg,up
/content/dataset/gesture/up/up_21.jpg,up
/content/dataset/gesture/up/up_7.jpg,up
/content/dataset/gesture/up/up_144.jpg,up
/content/dataset/gesture/up/up_27.jpg,up
/content/dataset/gesture/up/up_155.jpg,up
/content/dataset/gesture/up/up_186.jpg,up
/content/dataset/gesture/up/up_115.jpg,up
/content/dataset/gesture/up/up_171.jpg,up
/content/dataset/gesture/up/up_200.jpg,up
/content/dataset/gesture/up/up_5.jpg,up
/content/dataset/gesture/up/up_193.jpg,up
/content/dataset/gesture/up/up_153.jpg,up
/content/dataset/gesture/up/up_120.jpg,up
/content/dataset/gesture/up/up_23.jpg,up
/content/dataset/gesture/up/up_187.jpg,up
/content/dataset/gesture/up/up_191.jpg,up
/content/dataset/gesture/up/up_99.jpg,up
/content/dataset/gesture/up/up_184.jpg,up
/content/dataset/gesture/up/up_174.jpg,up
/content/dataset/gesture/up/up_80.jpg,up
/content/dataset/gesture/up/up_146.jpg,up
/content/dataset/gesture/up/up_121.jpg,up
/content/dataset/gesture/up/up_122.jpg,up
/content/dataset/gesture/up/up_87.jpg,up
/content/dataset/gesture/up/up_9.jpg,up
/content/dataset/gesture/up/up_67.jpg,up
/content/dataset/gesture/up/up_128.jpg,up
/content/dataset/gesture/up/up_114.jpg,up
/content/dataset/gesture/up/up_178.jpg,up
/content/dataset/gesture/up/up_6.jpg,up
/content/dataset/gesture/up/up_69.jpg,up
/content/dataset/gesture/up/up_123.jpg,up
/content/dataset/gesture/up/up_26.jpg,up
/content/dataset/gesture/up/up_38.jpg,up
/content/dataset/gesture/up/up_192.jpg,up
/content/dataset/gesture/up/up_51.jpg,up
/content/dataset/gesture/up/up_134.jpg,up
/content/dataset/gesture/up/up_63.jpg,up
/content/dataset/gesture/up/up_103.jpg,up
/content/dataset/gesture/up/up_168.jpg,up
/content/dataset/gesture/up/up_129.jpg,up
/content/dataset/gesture/up/up_65.jpg,up
/content/dataset/gesture/up/up_127.jpg,up
/content/dataset/gesture/up/up_50.jpg,up
/content/dataset/gesture/up/up_28.jpg,up
/content/dataset/gesture/up/up_24.jpg,up
/content/dataset/gesture/up/up_60.jpg,up
/content/dataset/gesture/up/up_52.jpg,up
/content/dataset/gesture/up/up_188.jpg,up
/content/dataset/gesture/up/up_45.jpg,up
/content/dataset/gesture/up/up_56.jpg,up
/content/dataset/gesture/up/up_33.jpg,up
/content/dataset/gesture/up/up_163.jpg,up
/content/dataset/gesture/up/up_79.jpg,up
/content/dataset/gesture/up/up_160.jpg,up
/content/dataset/gesture/up/up_147.jpg,up
/content/dataset/gesture/up/up_197.jpg,up
/content/dataset/gesture/up/up_199.jpg,up
/content/dataset/gesture/up/up_81.jpg,up
/content/dataset/gesture/up/up_35.jpg,up
/content/dataset/gesture/up/up_149.jpg,up
/content/dataset/gesture/up/up_176.jpg,up
/content/dataset/gesture/up/up_118.jpg,up
/content/dataset/gesture/up/up_179.jpg,up
/content/dataset/gesture/up/up_167.jpg,up
/content/dataset/gesture/up/up_93.jpg,up
/content/dataset/gesture/up/up_141.jpg,up
/content/dataset/gesture/up/up_14.jpg,up
/content/dataset/gesture/up/up_132.jpg,up
/content/dataset/gesture/up/up_13.jpg,up
/content/dataset/gesture/up/up_97.jpg,up
/content/dataset/gesture/up/up_75.jpg,up
/content/dataset/gesture/up/up_100.jpg,up
/content/dataset/gesture/up/up_117.jpg,up
/content/dataset/gesture/up/up_77.jpg,up
/content/dataset/gesture/up/up_57.jpg,up
/content/dataset/gesture/up/up_106.jpg,up
/content/dataset/gesture/up/up_111.jpg,up
/content/dataset/gesture/up/up_76.jpg,up
/content/dataset/gesture/up/up_101.jpg,up
/content/dataset/gesture/up/up_46.jpg,up
/content/dataset/gesture/up/up_116.jpg,up
/content/dataset/gesture/up/up_166.jpg,up
/content/dataset/gesture/up/up_12.jpg,up
/content/dataset/gesture/up/up_32.jpg,up
/content/dataset/gesture/up/up_62.jpg,up
/content/dataset/gesture/up/up_152.jpg,up
/content/dataset/gesture/up/up_84.jpg,up
/content/dataset/gesture/up/up_133.jpg,up
/content/dataset/gesture/up/up_107.jpg,up
/content/dataset/gesture/up/up_83.jpg,up
